0.00639283
0.00627587
0.00769259
0.012112
0.00553417
0.00713396
0.00699327
0.0105783
0.00554588
0.00479441
0.00863016
0.00926543
0.00572099
0.00806746
0.00614261
0.0074192
0.0065799
0.005985
0.0065765
0.00844751
0.00638416
0.0108454
0.00645599
0.00740352
0.00553722
0.00692423
0.00704669
0.010339
0.00498737
0.00935291
0.00866426
0.00629173
0.00353866
0.0083554
0.00677773
0.00987139
0.0096743
0.0080299
0.00784796
0.0051307
0.00747382
0.00824768
0.00687207
0.00865971
0.00869978
0.00436256
0.00877061
0.00731408
0.00761623
0.009262
0.00564837
0.00604935
0.00579514
0.00972059
0.00657406
0.00988844
0.00749998
0.00550341
0.00689403
0.00810988
0.00877271
0.00885709
0.00791976
0.00714604
0.00633161
0.00909559
0.00498716
0.00987588
0.00688386
0.00727177
0.00707479
0.00920871
0.00643415
0.00720494
0.0109414
0.00434869
0.00829461
0.00796265
0.0093117
0.00556218
0.00800328
0.00883619
0.00670308
0.0104689
0.00459574
0.00866567
0.00849727
0.00854265
0.00704909
0.00551993
0.00884384
0.00781305
0.00637624
0.00791678
0.00588352
0.011876
0.00617493
0.0104101
0.00805782
0.00555708
0.00949105
0.00847616
0.00664063
0.0101806
0.00469413
0.00715315
0.00642753
0.0114474
0.00699747
0.00569299
0.011742
0.00777894
0.00791676
0.00815893
0.00555355
0.00731703
0.00633999
0.00881417
0.010891
0.00494318
0.00834181
0.009972
0.00963635
0.00657687
0.0071261
0.00769611
0.00861718
0.00655167
0.00835456
0.00408003
0.0111309
0.00696193
0.00834638
0.00884457
0.00761149
0.00483667
0.010249
0.00925607
0.00776478
0.00856376
0.00795773
0.0077143
0.00656194
0.00667952
0.0101616
0.00778398
0.00870197
0.00783117
0.007142
0.00548136
0.00993188
0.0093103
0.00909168
0.00880091
0.00781668
0.00782924
0.00565279
0.0105622
0.00867075
0.00628116
0.00659542
0.0104975
0.0074192
0.00815533
0.00644306
0.00866567
0.011029
0.00896855
0.00774365
0.0078463
0.00871039
0.00453804
0.0111954
0.00808498
0.00786066
0.00757827
0.00884675
0.00792626
0.0108607
0.00875316
0.0107969
0.00447456
0.00907616
0.0100849
0.00851026
0.00554673
0.0123778
0.00687683
0.00782624
0.00921683
0.00703755
0.0102831
0.00563642
0.0126689
0.00479177
0.0105314
0.00549368
0.00867683
0.00823841
0.00840375
0.00775575
0.00724854
0.0113042
0.00867683
0.00836436
0.00706652
0.00784532
0.00919558
0.0108027
0.00661936
0.0110819
0.00414276
0.0111291
0.00810825
0.00930726
0.00929315
0.00861167
0.0057322
0.0126017
0.00884875
0.00380507
0.0116479
0.00539858
0.00707028
0.00991978
0.0104792
0.00706672
0.00894259
0.010504
0.00689018
0.00789664
0.0124973
0.00556828
0.00793588
0.0103817
0.00984726
0.007962
0.0093921
0.00920871
0.00680513
0.0102303
0.00827608
0.0082832
0.00771974
0.0077093
0.0112162
0.0081194
0.00667959
0.0098927
0.00888336
0.00922134
0.00949707
0.00877061
0.0123482
0.0056981
0.00772488
0.0100964
0.0092499
0.00777255
0.0118324
0.00576189
0.00992758
0.00719541
0.0102354
0.00769148
0.00902006
0.00733824
0.00712455
0.00937471
0.0120748
0.00646414
0.00866567
0.0072634
0.0093759
0.00782888
0.00609073
0.0112674
0.00771974
0.0087079
0.00785711
0.0114111
0.0029222
0.0115044
0.00945185
0.00818319
0.0100429
0.00564377
0.00748464
0.0105277
0.00906002
0.00465496
0.00933157
0.0102883
0.0077771
0.0093103
0.00569505
0.00771805
0.0103024
0.0078128
0.00980591
0.00791976
0.00797745
0.0102857
0.00876431
0.00715774
0.0110733
0.0078717
0.00703596
0.00946566
0.00484053
0.00767444
0.0078989
0.0109332
0.00810825
0.00992306
0.00462384
0.00975486
0.00721866
0.0107183
0.00645689
0.0105232
0.00882102
0.0080459
0.0103335
0.00921939
0.00641463
0.0101133
0.0088857
0.00259474
0.010185
0.0078685
0.00935938
0.00907694
0.00943736
0.0080909
0.00680513
0.0103365
0.00980504
0.00759312
0.0107043
0.00600829
0.00936402
0.0086006
0.00789984
0.00829029
0.00923503
0.00859734
0.00954228
0.00854095
0.00468018
0.00875012
0.010988
0.00820915
0.00972727
0.00860742
0.00724734
0.00843908
0.0110303
0.00545717
0.00562784
0.0106922
0.00921978
0.00724631
0.00958454
0.00858327
0.0063898
0.0116252
0.00791695
0.00717083
0.00854626
0.0103557
0.00832666
0.00923888
0.00754121
0.00649462
0.00870497
0.0104239
0.00580793
0.00965203
0.00781236
0.0077771
0.00917716
0.00820419
0.00572331
0.00988124
0.0104788
0.00716524
0.00844711
0.00736229
0.00781236
0.00743318
0.00680592
0.0119715
0.00885101
0.00968841
0.00642739
0.00472553
0.0104101
0.0085532
0.00894867
0.00569421
0.0103024
0.00577451
0.0131641
0.0046585
0.00819877
0.00989569
0.00889738
0.00646527
0.00867671
0.00827883
0.00709508
0.00807262
0.0119293
0.00877288
0.00729336
0.00782588
0.00928412
0.00875085
0.00707772
0.00852707
0.00875316
0.0100953
0.00797296
0.00776773
0.00641618
0.00976303
0.00704361
0.0135474
0.00521563
0.00933898
0.00883443
0.00878489
0.00708192
0.0100379
0.00712409
0.00881487
0.00921635
0.00606053
0.0093505
0.00769148
0.0088931
0.00624346
0.00904765
0.00952837
0.00966296
0.00581314
0.00844508
0.00902838
0.00637689
0.00777274
0.00756576
0.00852246
0.00696225
0.00879827
0.00664726
0.0112832
0.00671262
0.00747953
0.00917148
0.0057775
0.0123025
0.0087079
0.0056762
0.00886328
0.00894109
0.00914141
0.00637154
0.00988125
0.00977185
0.00740755
0.00848732
0.00785976
0.00938082
0.0098834
0.00864557
0.00726877
0.00828456
0.00886147
0.0107848
0.00722952
0.00522057
0.0114504
0.00953092
0.008978
0.0092137
0.00793886
0.00945481
0.00819877
0.00996197
0.00711994
0.00707198
0.00901801
0.00796166
0.00900396
0.0124103
0.00905213
0.00974164
0.00772607
0.00876127
0.009262
0.0069649
0.0107817
0.00863425
0.00883811
0.00848662
0.00956547
0.0103841
0.0089266
0.00913209
0.0106965
0.00861092
0.00835496
0.00877838
0.00689301
0.00996358
0.0099238
0.0086347
0.00840171
0.00906717
0.00906364
0.00808632
0.010827
0.00921865
0.00657202
0.00862041
0.0109328
0.00738178
0.010885
0.00879841
0.00848934
0.00868709
0.00704873
0.00875012
0.0116825
0.0117528
0.00613328
0.0110405
0.00556135
0.00949686
0.0107555
0.00643814
0.00847303
0.00861737
0.0124661
0.00857819
0.00943736
0.00739472
0.0106991
0.00728293
0.0112415
0.00769372
0.00781019
0.0091861
0.00897775
0.00954914
0.00873746
0.00891345
0.0105967
0.00804519
0.00983776
0.00682947
0.00881528
0.00938906
0.00644396
0.00989027
0.0100079
0.00763768
0.0103817
0.0108296
0.00541615
0.00996168
0.0087079
0.00835948
0.00810825
0.00627851
0.0078879
0.0111839
0.00996568
0.00847798
0.00807956
0.00846014
0.00951629
0.00880091
0.0098782
0.00844071
0.00657911
0.00884675
0.0091746
0.00798472
0.00873967
0.0122514
0.00549127
0.00987697
0.00809072
0.0100976
0.0112417
0.0071201
0.00886933
0.00992718
0.00813025
0.00777014
0.00963394
0.00989194
0.00776505
0.00924641
0.00935006
0.00778386
0.00971177
0.00707772
0.0106165
0.00924641
0.0108023
0.00913821
0.008004
0.00772013
0.0103769
0.00726588
0.0106969
0.00847502
0.0104243
0.00636849
0.0107961
0.00989241
0.00935093
0.00781898
0.00948315
0.00991536
0.00984274
0.00879538
0.0100201
0.00928864
0.00631501
0.0125785
0.00847798
0.00875316
0.00989439
0.00764842
0.00618175
0.0117434
0.00625168
0.00853147
0.00981102
0.0080311
0.0108872
0.0108079
0.00860903
0.0102272
0.0085648
0.00926087
0.0103847
0.0105736
0.00636849
0.00942142
0.00843984
0.0102571
0.00984765
0.00877761
0.00925236
0.0088166
0.0079425
0.0126936
0.00748418
0.0104749
0.00741493
0.00930766
0.00916763
0.0109805
0.00633619
0.00907901
0.00986702
0.00828106
0.00847854
0.00871846
0.00924641
0.00789984
0.0109125
0.00860293
0.00747656
0.00934684
0.0102452
0.00617076
0.0140214
0.00746706
0.00668503
0.00931843
0.0102426
0.00627334
0.00875012
0.00966309
0.00871905
0.00864964
0.0102994
0.00861167
0.00801518
0.00928166
0.00964092
0.00848445
0.0117232
0.00735392
0.00786339
0.0104477
0.0105789
0.00861151
0.00875316
0.00613644
0.0106584
0.0096542
0.0107053
0.00819662
0.00998858
0.00772748
0.0106103
0.00930726
0.00790027
0.0107791
0.00657943
0.0111238
0.00864544
0.00730605
0.0104137
0.0102974
0.00644396
0.00960627
0.00933086
0.00703218
0.0105714
0.00809527
0.00823626
0.00932966
0.00934644
0.00866567
0.0112155
0.00868494
0.00934684
0.00808737
0.00708017
0.00933537
0.0123647
0.00992114
0.00980504
0.0104068
0.00423682
0.00941149
0.0105824
0.0109557
0.0063515
0.00951629
0.0108906
0.00734404
0.0124521
0.00875316
0.00690019
0.0087079
0.00934644
0.0105291
0.00910668
0.00717644
0.00819575
0.0128622
0.00843576
0.00713114
0.00899436
0.0092309
0.00921674
0.0102145
0.0114583
0.00549169
0.0116614
0.00921713
0.00937308
0.00779162
0.0100211
0.0106091
0.00865352
0.00802111
0.0119234
0.0109602
0.00600985
0.00776666
0.0123626
0.00949801
0.00978536
0.0114901
0.00658159
0.0116398
0.0100492
0.00892549
0.0119359
0.0103099
0.00937308
0.00777014
0.00836353
0.0111668
0.00866264
0.00834264
0.0114052
0.00631457
0.0103866
0.00938906
0.00724067
0.00996728
0.00664131
0.0124724
0.00793523
0.0112383
0.00930867
0.0084041
0.00841909
0.00882932
0.00940161
0.00844786
0.0110206
0.00843686
0.013026
0.00702948
0.00948993
0.00925236
0.0117093
0.00640605
0.00827598
0.0124697
0.00776188
0.0110172
0.00933239
0.00880356
0.00807667
0.0106109
0.00888486
0.00928641
0.00804843
0.0108101
0.010888
0.00757502
0.00884617
0.0117653
0.00707699
0.0114845
0.0121146
0.00681293
0.010843
0.00902863
0.011195
0.00820584
0.00963686
0.00802099
0.0125291
0.0108376
0.0105963
0.00595991
0.0126526
0.00844827
0.0098963
0.00953411
0.00889685
0.0100604
0.0100456
0.011686
0.00725798
0.00921204
0.012303
0.00492943
0.0154098
0.00586176
0.0106932
0.00966866
0.0124994
0.00621524
0.0139942
0.00687402
0.0109306
0.0108913
0.00676864
0.00839913
0.0110846
0.00996264
0.00703521
0.0132071
0.00626971
0.00796848
0.0106841
0.00975886
0.00723374
0.010185
0.00886024
0.00905213
0.00928392
0.00956909
0.010979
0.00892507
0.00733152
0.00939843
0.0152196
0.00576722
0.0143972
0.00607017
0.00933445
0.00899109
0.0145626
0.00724844
0.00998251
0.0123651
0.00793886
0.00933167
0.00997177
0.00854131
0.00857411
0.0110716
0.0056981
0.0112562
0.00757182
0.0109972
0.0104614
0.00792085
0.00959621
0.0123225
0.00716216
0.0108826
0.011012
0.0100001
0.00999367
0.00775848
0.0133688
0.00427965
0.0144752
0.00732842
0.0105631
0.00726945
0.0107029
0.0108718
0.0072077
0.0136605
0.0118224
0.00799951
0.0107783
0.00944275
0.00991467
0.00767806
0.00785502
0.0129808
0.00691305
0.0101398
0.00884809
0.0114018
0.00780418
0.0113505
0.00976737
0.00806841
0.00872994
0.00941911
0.0126237
0.0080759
0.0109147
0.0080722
0.00941594
0.00934684
0.0110923
0.00859756
0.0107387
0.0100278
0.00721028
0.0101398
0.0108239
0.00871854
0.00611188
0.012127
0.00689929
0.0118698
0.00979929
0.00999976
0.00918523
0.0089638
0.0136242
0.00896812
0.00847459
0.0114285
0.00730866
0.00966275
0.0119567
0.0105686
0.011319
0.00863425
0.00956503
0.0120381
0.00943128
0.0106939
0.010713
0.00672982
0.0113239
0.00993188
0.00930462
0.00942039
0.00597457
0.0129275
0.00999472
0.0054117
0.0121652
0.0067467
0.0118247
0.00872258
0.00940718
0.00626971
0.0132864
0.010013
0.00937013
0.0140083
0.00738178
0.0123225
0.0083322
0.0118831
0.0102272
0.00910377
0.00704391
0.0106292
0.0064962
0.0106897
0.0115761
0.00712457
0.0136045
0.00413574
0.0132492
0.00914844
0.0114703
0.00864825
0.0100872
0.00880633
0.012212
0.0107498
0.0102725
0.00826717
0.00870486
0.00864964
0.0131906
0.00943736
0.00892009
0.00867279
0.0119347
0.00709583
0.0104408
0.00932653
0.0132101
0.00988948
0.0116111
0.00591582
0.0112648
0.00890492
0.00941231
0.0108005
0.0100389
0.00700196
0.0102303
0.00930462
0.00916763
0.00930726
0.00929675
0.00534926
0.0130075
0.010022
0.00981838
0.0153374
0.00728329
0.0119402
0.00758594
0.0118949
0.010009
0.0116689
0.0113293
0.00875012
0.00918287
0.00925545
0.00920224
0.00983599
0.00996528
0.00703744
0.0125425
0.00906637
0.00820449
0.00875638
0.0143622
0.0115241
0.0108559
0.010307
0.012869
0.0122737
0.0111093
0.0117532
0.0110024
0.0106984
0.0123956
0.00781841
0.00764991
0.011577
0.00711555
0.014745
0.00754552
0.00925093
0.0138775
0.00710754
0.0125734
0.0110021
0.0125173
0.0120509
0.0119482
0.0122316
0.0101782
0.010782
0.0118527
0.0115385
0.00701058
0.00926465
0.0108124
0.00876107
0.00983299
0.00668949
0.0121906
0.00529531
0.0124012
0.00910837
0.0114467
0.0110573
0.0108128
0.0122585
0.010597
0.0168757
0.0103774
0.0122815
0.0103568
0.0085958
0.0147292
0.00445146
0.0105669
0.00765665
0.0104137
0.00803209
0.0110005
0.00860742
0.00864233
0.0105872
0.0102684
0.0121857
0.0095735
0.0143108
0.0122461
0.0159144
0.0123725
0.0124568
0.0147325
0.0113927
0.00872669
0.0123867
0.0104408
0.00914844
0.0105113
0.00990429
0.0130571
0.0085648
0.00872852
0.0156792
0.0109724
0.0119321
0.0131425
0.0107752
0.0185595
0.0147211
0.0149897
0.0141629
0.0143064
0.01405
0.0138559
0.0133986
0.0115643
0.0132864
0.00464109
0.0129909
0.00798472
0.0128904
0.0112106
0.0100872
0.0114398
0.0112878
0.0130016
0.0151294
0.0111659
0.0155749
0.0216141
0.0178344
0.0148946
0.0184804
0.0132318
0.0168219
0.0144814
0.0148341
0.0074568
0.00937598
0.0124547
0.011147
0.00872552
0.0117483
0.0107987
0.0153602
0.0124115
0.0132889
0.0166194
0.0189209
0.0153654
0.0195141
0.017433
0.017992
0.0152516
0.0178713
0.0137586
0.0128127
0.0107335
0.0135732
0.00927498
0.0131618
0.0114935
0.0129105
0.0126326
0.0110102
0.0138758
0.0150206
0.0161527
0.0151694
0.0195329
0.0211773
0.018377
0.0175448
0.0171972
0.0168846
0.0156387
0.0144104
0.0164089
0.0119562
0.0129607
0.0109313
0.0122541
0.0142154
0.0129607
0.0115984
0.0151679
0.0121567
0.0176567
0.0161738
0.0166072
0.0189849
0.0190829
0.0204166
0.0155262
0.0178493
0.0149085
0.017071
0.0116479
0.0143118
0.0137708
0.0124064
0.0153815
0.0124027
0.0147721
0.0105246
0.0180327
0.0137858
0.014197
0.0169541
0.0188803
0.0166019
0.0170172
0.0190604
0.0182385
0.0131665
0.0169796
0.0169937
0.0159452
0.0148925
0.015664
0.0121401
0.012319
0.0129486
0.0167948
0.0117918
0.0128099
0.0160306
0.0172485
0.0169344
0.0186171
0.015037
0.0179439
0.0166362
0.0204912
0.0170267
0.0169299
0.0164842
0.0141464
0.0157262
0.0138068
0.0162923
0.0138534
0.0128163
0.0168694
0.013671
0.0143246
0.0184005
0.0160514
0.0149034
0.0160305
0.0173429
0.018254
0.0181684
0.01808
0.0169437
0.0177019
0.012567
0.0145158
0.0175965
0.0145331
0.0164446
0.0129593
0.0169218
0.0122961
0.0175461
0.0161095
0.0131129
0.0153849
0.0158742
0.0185164
0.0179037
0.0154887
0.0181306
0.0152155
0.0185689
0.0153536
0.0165423
0.0156931
0.0138617
0.0149145
0.0136033
0.0152274
0.0131929
0.0179779
0.0107065
0.0154842
0.0184904
0.0165897
0.0174686
0.0189517
0.0192004
0.017437
0.0183511
0.0169515
0.0175637
0.0160465
0.0177628
0.0175562
0.0116468
0.0165422
0.0144008
0.0111398
0.0137432
0.0125289
0.0156138
0.0133651
0.0145541
0.019205
0.0145935
0.0183501
0.0215199
0.0177029
0.0156629
0.0173665
0.021531
0.0183538
0.015524
0.0169713
0.0145915
0.0118925
0.014458
0.010973
0.0115222
0.010641
0.0154171
0.0135535
0.0130564
0.0139885
0.0168121
0.0158621
0.0153429
0.0183296
0.0204157
0.0177283
0.017791
0.0201055
0.0150306
0.0146121
0.015874
0.0167153
0.013261
0.013193
0.0130735
0.0116934
0.0151983
0.0106171
0.0158935
0.0162717
0.0169559
0.0200653
0.0179462
0.018939
0.0170198
0.0214915
0.0193102
0.0189802
0.0231491
0.0170683
0.0127549
0.0117402
0.0130165
0.013114
0.0135845
0.0134725
0.0156572
0.0107713
0.018849
0.0200311
0.0158509
0.018203
0.0218827
0.0191758
0.0208549
0.020554
0.0188684
0.0186961
0.0171882
0.016182
0.0125765
0.00775047
0.00899946
0.00565935
0.0118216
0.00986793
0.00769735
0.011095
0.0128784
0.0154676
0.0116575
0.0181989
0.0155445
0.0144323
0.019737
0.0187979
0.0161456
0.016294
0.0168995
0.0105939
0.00703037
0.0117228
0.00482394
0.00306854
0.00404826
0.00637957
0.00489511
0.00714467
0.00972611
0.00760489
0.0106993
0.011328
0.0123764
0.0148944
0.014415
0.0168931
0.0143696
0.0178654
0.0169626
0.0151975
0.0176481
0.0135457
0.0129141
0.0134652
0.00954533
0.00694133
0.00785084
0.00929639
0.00672517
0.00925201
0.0116786
0.0109886
0.0169592
0.0106359
0.018073
0.0178493
0.0202121
0.0190994
0.018962
0.0178233
0.0218779
0.0156568
0.0161697
0.0132879
0.0143982
0.0103802
0.0100257
0.00832202
0.00945285
0.00851086
0.0116199
0.0132585
0.0158714
0.0155319
0.0170093
0.0190278
0.0167026
0.0183131
0.0215108
0.02048
0.0189378
0.0159703
0.0167439
0.0128652
0.0102455
0.00978433
0.0107346
0.0117648
0.0106664
0.0118057
0.0155013
0.0110945
0.0132819
0.0177376
0.0175144
0.0189438
0.0192987
0.0195741
0.0167658
0.0166238
0.0162547
0.0158628
0.0126116
0.0126001
0.0125812
0.014154
0.0102909
0.0140797
0.0107716
0.0144765
0.0123695
0.0168656
0.0153241
0.0184675
0.0173701
0.0185176
0.0183582
0.0168006
0.0160225
0.0153687
0.0139782
0.0144495
0.00924642
0.0126487
0.0127081
0.0124124
0.0115967
0.0111142
0.0123102
0.0116194
0.0134812
0.0179403
0.0180476
0.0184292
0.0167307
0.0176617
0.0142644
0.0176802
0.0143234
0.0152774
0.0147582
0.0109799
0.0126905
0.0117701
0.0113603
0.0108967
0.0124697
0.0116294
0.0158284
0.0188243
0.0152584
0.0175749
0.0190483
0.0168156
0.0217205
0.017708
0.0155542
0.0138554
0.0128757
0.0166219
0.0115696
0.0128442
0.0116709
0.00958383
0.0139942
0.0119693
0.0141508
0.0156809
0.0153339
0.0140065
0.0198608
0.0198144
0.0144989
0.0220557
0.0186521
0.0173672
0.0136497
0.0155009
0.0126546
0.0114745
0.0122967
0.0132384
0.00996966
0.00861979
0.0117121
0.0123892
0.0115013
0.015682
0.01622
0.0197071
0.0176855
0.0193942
0.013871
0.019344
0.0177175
0.0179229
0.0159417
0.0131486
0.0116657
0.0125921
0.0123797
0.0154389
0.00776491
0.0113764
0.0126882
0.0135923
0.0107538
0.0133706
0.0159087
0.0168618
0.0157622
0.0152792
0.0173406
0.018072
0.0131086
0.0168447
0.0135073
0.0170424
0.0107846
0.0116136
0.0151531
0.0100933
0.0162076
0.0106844
0.0109262
0.0108444
0.018197
0.0145325
0.0161815
0.0165647
0.0180615
0.0137721
0.0167544
0.0187112
0.0162911
0.00956499
0.0157186
0.0155297
0.0140354
0.0138257
0.0137929
0.00932744
0.0108849
0.013991
0.0130186
0.0113822
0.0156177
0.0154875
0.016337
0.014601
0.0177018
0.0140912
0.0141212
0.0214023
0.0155797
0.0120481
0.0187988
0.0123131
0.0100228
0.0159269
0.0140344
0.0130059
0.0116657
0.0156462
0.0107501
0.0138446
0.015487
0.0166066
0.0142438
0.0160886
0.0167299
0.0166476
0.0154803
0.0148955
0.0189728
0.0134068
0.0153982
0.0179669
0.0139891
0.0129546
0.0132775
0.0154478
0.0128677
0.0113087
0.013837
0.0131782
0.0148609
0.0117667
0.0139677
0.0188581
0.0132069
0.0140794
0.0177993
0.0189774
0.0141926
0.013397
0.0167641
0.0144491
0.0184024
0.0113848
0.0117693
0.0152692
0.0153681
0.0124906
0.0123584
0.0126643
0.016662
0.0138171
0.0171562
0.014137
0.0161395
0.0151066
0.0163344
0.0170598
0.0142347
0.0145915
0.0146656
0.0172058
0.0156565
0.0124017
0.0143356
0.0137718
0.0141957
0.0145569
0.0163752
0.0130443
0.0152446
0.0121357
0.0135272
0.0186725
0.0134399
0.0186505
0.0152665
0.0126252
0.0176658
0.0141787
0.0155756
0.014782
0.016942
0.0117976
0.0122704
0.0149834
0.0139439
0.0178859
0.0108839
0.015492
0.0140305
0.0125328
0.0144826
0.0166739
0.0143704
0.018905
0.0154523
0.0129794
0.016942
0.0102132
0.0172681
0.0145745
0.0183892
0.0130525
0.0175381
0.0091226
0.0143648
0.017152
0.0123376
0.0150517
0.0193513
0.0120098
0.0116187
0.0159627
0.0137248
0.0156015
0.0143913
0.0146004
0.0190198
0.0122496
0.0118247
0.0123612
0.0152161
0.015661
0.0153361
0.0143574
0.018007
0.0159714
0.0120369
0.0176684
0.0156864
0.0123415
0.017483
0.0146178
0.0171605
0.0137342
0.0121889
0.0143348
0.0130201
0.011727
0.0167025
0.0178397
0.011245
0.0138637
0.0142832
0.0159393
0.0168854
0.0175483
0.0159397
0.0185806
0.0116086
0.012964
0.0134406
0.0172717
0.0158368
0.0138164
0.015856
0.0154635
0.0118799
0.0130944
0.0146469
0.0169777
0.0143687
0.0147821
0.0153133
0.0129309
0.0169299
0.0161148
0.0157902
0.0176824
0.012768
0.0153488
0.0154457
0.0165348
0.0154443
0.00921002
0.0138673
0.0187604
0.0148612
0.0135109
0.016037
0.0108044
0.0164461
0.0139753
0.0138068
0.0141166
0.0111004
0.0147142
0.0145424
0.0143381
0.015395
0.0142516
0.0160869
0.0131825
0.0123137
0.0163116
0.0145745
0.015409
0.0102931
0.0134058
0.0187152
0.0124019
0.0130372
0.0199326
0.0141999
0.016416
0.013393
0.0154644
0.0159002
0.0108567
0.0162261
0.0133765
0.0135541
0.0185652
0.00979658
0.0122684
0.014184
0.0141878
0.0147445
0.0132204
0.013823
0.0133164
0.0136798
0.0174301
0.0122411
0.0153611
0.0164316
0.0145462
0.0125009
0.0153234
0.0191894
0.0145038
0.011877
0.0122736
0.0161098
0.016873
0.0107351
0.0135101
0.0149834
0.0131044
0.0175305
0.0125667
0.0130485
0.0137946
0.0176765
0.016073
0.0138832
0.0141369
0.019483
0.0141682
0.0124463
0.015534
0.0124463
0.0174993
0.0143978
0.0106511
0.0161374
0.0158884
0.0136801
0.015255
0.014028
0.0148652
0.0174172
0.0126086
0.016815
0.0156218
0.0159415
0.0156895
0.0164606
0.0145536
0.0140771
0.0166564
0.0146811
0.0149145
0.013188
0.0162664
0.0172653
0.0117701
0.011465
0.0168429
0.0158206
0.016362
0.0155679
0.0139518
0.0170031
0.0150549
0.0131459
0.0171391
0.0164018
0.0126531
0.0130805
0.015437
0.0168158
0.0152807
0.0107975
0.0141433
0.0165072
0.0150466
0.0135457
0.0138528
0.0164339
0.015772
0.0177611
0.0132742
0.0135653
0.0165884
0.0146939
0.0153725
0.014773
0.0143864
0.00993168
0.0184306
0.0116571
0.019469
0.0135135
0.0131747
0.0157411
0.0187915
0.0120934
0.0130498
0.0183683
0.0123394
0.0150445
0.0181739
0.0123366
0.0128773
0.0135056
0.0155704
0.0143191
0.0132052
0.0183342
0.0106677
0.013969
0.0153465
0.0187968
0.00747094
0.0151934
0.0119154
0.0167667
0.0120177
0.0172776
0.0150661
0.0162161
0.0173147
0.0140344
0.0154619
0.0177184
0.0146555
0.0121976
0.0172906
0.0139227
0.0141341
0.0158954
0.0151922
0.0162679
0.0156094
0.0184706
0.0172586
0.0172628
0.015139
0.0121529
0.0146683
0.0167784
0.0130869
0.0209265
0.0154899
0.0140528
0.0155173
0.0129669
0.0135971
0.017659
0.0147553
0.018062
0.0160386
0.018606
0.0167624
0.0145952
0.0136814
0.0173801
0.0178142
0.0146794
0.015534
0.0153071
0.0146811
0.0132076
0.0156113
0.0176283
0.0130267
0.0141967
0.0169585
0.0144954
0.0141116
0.0123753
0.0177826
0.0144213
0.0195751
0.0142059
0.0138273
0.0171142
0.0160464
0.0139924
0.0188292
0.0142984
0.0138384
0.0171185
0.0146863
0.0169447
0.0135346
0.0113881
0.0171252
0.0143377
0.0160355
0.0154145
0.0147038
0.0178499
0.0184038
0.0142943
0.0168452
0.01642
0.0161107
0.0124752
0.019581
0.0139859
0.0168548
0.0120773
0.0155275
0.0166121
0.0163658
0.00859552
0.0202301
0.0144113
0.0161738
0.0150398
0.0139336
0.015393
0.0152033
0.0146713
0.017809
0.0134625
0.0117326
0.022459
0.0168548
0.0118993
0.0125492
0.0173752
0.0133985
0.0113374
0.0143632
0.0187564
0.0118331
0.0131509
0.0179442
0.0161427
0.0048086
0.0200582
0.00865404
0.0164162
0.0134248
0.015575
0.0255259
0.0329526
0.0316591
0.036984
0.0389694
0.0397446
0.0395112
0.0443317
0.034005
0.026236
0.0284923
0.025683
0.0168831
0.0230264
0.0165651
0.0229076
0.0263927
0.0152957
0.0229145
0.0186906
0.0219002
0.0196012
0.01478
0.0249284
0.0158539
0.0187137
0.0170915
0.0194794
0.018407
0.0176493
0.0214918
0.0164669
0.0172413
0.0281076
0.0277849
0.0202283
0.0203686
0.0212055
0.0205638
0.0187146
0.0200945
0.0206036
0.0200415
0.0166224
0.0242234
0.0199457
0.0199923
0.0211269
0.0165847
0.0226506
0.0201805
0.0193643
0.0215683
0.022204
0.0196361
0.0183254
0.0202306
0.0217996
0.0207653
0.0197109
0.0237419
0.0196276
0.0216586
0.020695
0.0207788
0.0230056
0.022698
0.0196228
0.0204134
0.0270897
0.0194752
0.0234262
0.0219189
0.0223862
0.0217307
0.0230685
0.0208431
0.0243115
0.0216981
0.0197949
0.0220546
0.0277519
0.0206324
0.024299
0.0230803
0.0243105
0.022175
0.0234364
0.0226364
0.0239929
0.0226768
0.02023
0.0244521
0.0247082
0.0214661
0.0244439
0.0205765
0.0232808
0.0274801
0.0218528
0.0195998
0.0251626
0.0223928
0.0217923
0.0269926
0.0202721
0.0242713
0.0251626
0.0224555
0.0248175
0.0211411
0.0242955
0.0234683
0.0247959
0.022031
0.0253152
0.022396
0.0247139
0.0231892
0.0283444
0.0224047
0.0234796
0.0250901
0.024499
0.0243535
0.0258111
0.0236722
0.0280442
0.0155269
0.0186757
0.0229141
0.0202485
0.0259835
0.0224595
0.024457
0.0217452
0.0233849
0.0240518
0.0261753
0.02716
0.0253938
0.0244966
0.0273844
0.0224549
0.0280868
0.0251155
0.0242662
0.0319915
0.0252028
0.0146577
0.0268243
0.0183084
0.024457
0.0307035
0.0351186
0.030342
0.0459766
0.0452924
0.0503604
0.044278
0.0439064
0.0446017
0.0403434
0.0420955
0.0400104
0.0387191
0.037926
0.0352691
0.0311516
0.0260884
0.0228786
0.0128415
0.0201589
0.0237718
0.0193105
0.0274839
0.021598
0.0221837
0.0252676
0.0217183
0.0258049
0.0227141
0.0262125
0.028048
0.0259245
0.0232094
0.0302096
0.0280745
0.0281401
0.0278888
0.0287191
0.0285635
0.0299213
0.0312149
0.0281034
0.0344923
0.0328131
0.0333909
0.0334783
0.0317111
0.0378564
0.0382253
0.0341361
0.0376383
0.0408062
0.042847
0.0419371
0.0431727
0.044963
0.0447964
0.0508084
0.0480917
0.0499041
0.0540328
0.0535418
0.0564393
0.0607401
0.0593569
0.0633776
0.0647637
0.0683901
0.0740561
0.0722494
0.0782587
0.0757897
0.0904335
0.0835181
0.0958186
0.0964633
0.100775
0.10201
0.103644
0.116295
0.106153
0.126552
0.119543
0.130987
0.132727
0.140092
0.142086
0.146173
0.152355
0.156498
0.158404
0.162349
0.167875
0.178119
0.178718
0.179665
0.198659
0.201775
0.205167
0.214102
0.226539
0.226782
0.240397
0.239948
0.243297
0.25459
0.257422
0.269994
0.274604
0.298
0.297271
0.31394
0.327457
0.34027
0.358271
0.361001
0.380721
0.392246
0.398017
0.408173
0.426653
0.431383
0.435437
0.438211
0.45303
0.469234
0.478154
0.48868
0.536726
0.554667
0.565203
0.571927
0.585301
0.610342
0.616409
0.650383
0.671125
0.692755
0.720668
0.726002
0.741336
0.761317
0.773766
0.795005
0.812155
0.826218
0.847112
0.855037
0.871069
0.880175
0.891807
0.909054
0.944501
0.968053
0.992532
1.01787
1.05135
1.07426
1.1045
1.12793
1.15533
1.17949
1.21026
1.23463
1.26127
1.28875
1.31728
1.34343
1.37245
1.39703
1.42528
1.45601
1.48328
1.51072
1.53517
1.56052
1.58751
1.61256
1.63714
1.66008
1.68422
1.70411
1.72949
1.74574
1.76866
1.78619
1.80874
1.8252
1.83884
1.85254
1.8689
1.88042
1.89668
1.90843
1.91145
1.91513
1.92173
1.92479
1.92988
1.93438
1.92984
1.93101
1.92644
1.92203
1.91901
1.91388
1.91126
1.91501
1.89427
1.89412
1.87769
1.86835
1.85207
1.82911
1.81113
1.78889
1.76659
1.74052
1.71465
1.68793
1.65863
1.63404
1.60378
1.57715
1.54947
1.52007
1.48893
1.46151
1.42976
1.40017
1.37235
1.33893
1.31018
1.27901
1.24097
1.20951
1.17685
1.14505
1.11902
1.09233
1.06027
1.0247
1.00453
0.972369
0.948459
0.913533
0.890201
0.862383
0.825633
0.803477
0.776346
0.766727
0.763109
0.738984
0.727237
0.711982
0.69412
0.681151
0.664522
0.650891
0.636388
0.617096
0.59728
0.601247
0.586782
0.572709
0.565667
0.545247
0.52743
0.515386
0.482532
0.480473
0.481106
0.462086
0.44132
0.441463
0.421446
0.425658
0.40639
0.38468
0.388864
0.383978
0.374166
0.366867
0.365822
0.34266
0.338381
0.329077
0.297932
0.30399
0.288623
0.283125
0.280692
0.266766
0.26592
0.251802
0.249675
0.234114
0.230216
0.219398
0.211658
0.206677
0.19851
0.197318
0.189562
0.1828
0.176069
0.175892
0.169891
0.167308
0.163923
0.161074
0.160124
0.152795
0.151647
0.14458
0.143808
0.13709
0.135614
0.127709
0.126891
0.123837
0.120542
0.114907
0.112252
0.107788
0.0989892
0.091528
0.0868635
0.0837799
0.0836803
0.0776191
0.072623
0.0735782
0.0658342
0.0694618
0.0638977
0.0624107
0.0596401
0.0582394
0.0556153
0.0561212
0.0510093
0.0559763
0.0521278
0.0561252
0.0499921
0.0524799
0.0447607
0.0478133
0.046842
0.043114
0.0421637
0.043463
0.035388
0.0394823
0.0364808
0.0324904
0.0320979
0.0305863
0.0301392
0.0296983
0.019186
0.0255555
0.0225049
0.0210853
0.0240705
0.0258118
0.0202905
0.0217223
0.0224348
0.0220977
0.0186176
0.0222733
0.0187264
0.0216062
0.0237168
0.0228642
0.0221673
0.0216636
0.0244392
0.0210144
0.027668
0.0217161
0.0259625
0.0271519
0.0271901
0.030574
0.0268856
0.0308833
0.0254871
0.0323058
0.0297127
0.029104
0.0332131
0.0302125
0.0331668
0.0318735
0.0283112
0.0332166
0.0309408
0.0336965
0.0316681
0.0357237
0.0303427
0.0333506
0.0346589
0.0388094
0.031711
0.0370695
0.0301793
0.0343338
0.0330113
0.0362845
0.0463081
0.0407094
0.0305508
0.0317748
0.0347265
0.036232
0.0329116
0.0328955
0.0331051
0.0318438
0.0306907
0.0346476
0.023458
0.027075
0.0207415
0.0101009
0.00922838
0.0235076
0.0116397
0.000727098
0.00805324
0.0133742
-0.00184766
0.00588887
-0.00173187
-0.00275463
-0.00864779
-0.00239647
-0.00686533
-0.00475974
-0.00246118
-0.0159874
-0.014076
0.00188253
-0.0428966
-0.0130812
-0.0138936
-0.0217792
-0.01104
-0.0125269
-0.0146276
-0.0130524
-0.0139907
-0.0387076
-0.0161929
-0.0162849
-0.0181609
-0.00503366
-0.039552
-0.0309861
-0.0325329
-0.0175387
0.00284842
-0.0356849
-0.00944793
-0.00601246
-0.0625486
-0.0182221
-0.0256376
-0.0364709
-0.0179486
-0.0747652
-0.00592276
-0.0366905
-0.0689039
-0.0720083
-0.0439465
-0.0246084
-0.0357448
0.0268941
-0.0316425
-0.0133325
-0.013337
0.0203609
-0.0228104
0.00249177
-0.0215361
-0.0113186
0.0152121
0.0441628
-0.0201414
0.0837669
0.0695346
0.0643496
0.0550097
0.0596877
0.0678747
0.100988
0.136569
0.134666
0.138185
0.142528
0.14861
0.155427
0.154933
0.161385
0.16871
0.169551
0.174459
0.178426
0.18206
0.18618
0.192439
0.207212
0.209415
0.217598
0.215369
0.21965
0.222217
0.225789
0.226688
0.227886
0.232197
0.230415
0.242115
0.220829
0.224375
0.195453
0.118427
0.121254
0.114196
0.114057
0.109573
0.103984
0.104291
0.0990859
0.0945628
0.0974012
0.0936418
0.0880974
0.0899936
0.084715
0.0789976
0.0826207
0.0751193
0.076374
0.0729702
0.0738568
0.0707998
0.07183
0.0695348
0.0682947
0.065301
0.0672482
0.0646207
0.0623581
0.0613736
0.0622604
0.0591144
0.0608572
0.0606631
0.0552797
0.0627656
0.0614154
0.0604433
0.0575973
0.0637708
0.0583814
0.0636193
0.0672864
0.0574305
0.0638555
0.0641225
0.0629877
0.0651499
0.0640736
0.0675104
0.0635829
0.0630075
0.0635848
0.0639559
0.064255
0.0674673
0.0641674
0.0661441
0.0636279
0.0662075
0.0639208
0.0660216
0.0666256
0.0681541
0.0678882
0.0678157
0.0710545
0.0676118
0.0679224
0.0736931
0.0664715
0.0709635
0.0675119
0.0713108
0.0669721
0.0728395
0.0720638
0.0695365
0.0672764
0.0722599
0.0634466
0.0684129
0.0643546
0.0639207
0.06266
0.0570004
0.06118
0.0590562
0.0571061
0.0548763
0.0506443
0.0494418
0.0469737
0.0436102
0.0435874
0.0442113
0.0401474
0.0383745
0.0396388
0.0364018
0.036246
0.0368575
0.0319686
0.0347237
0.0286765
0.031547
0.0266591
0.028448
0.0262695
0.0239501
0.0273566
0.018634
0.0170816
0.0254062
0.0224285
0.0258756
0.0240506
0.0220906
0.0245347
0.0275168
0.0207733
0.0153572
0.0149286
0.0164085
0.017345
0.010738
0.0132575
0.0149098
0.012934
0.0123165
0.00633627
0.0139376
0.00585705
0.00849935
0.00216125
0.0133645
0.00438215
0.00380682
0.00924655
-0.00266667
0.0100603
0.000684202
0.00336634
0.00196506
0.00510087
0.00181708
0.00132285
-0.000436864
0.000639695
0.00153251
0.00138972
-0.00108716
-0.00322127
-0.00192193
0.00046034
-0.00664388
-0.00167329
-0.00322497
-0.0048418
-0.00378594
-0.00339432
-0.00707497
-0.00658534
-0.00494227
-0.0109689
0.00123544
0.00527124
-0.00581447
-0.000663423
0.00239672
-0.00247548
-0.0104939
-0.00928993
-0.00733852
-0.0109753
0.0041074
-0.0109896
-0.0117606
0.00042771
-0.0122985
-0.00079985
-0.0100574
-0.00473924
-0.0040314
-0.0054236
-0.0137788
-0.0128014
-0.0104103
-0.0146566
-0.0143895
-0.017183
-0.0185644
-0.0130108
-0.0175091
-0.0239636
-0.0233442
-0.0224254
-0.0276612
-0.0184505
-0.0187741
-0.0304881
-0.0270983
-0.0321376
-0.025652
-0.0306252
-0.0167055
-0.0257887
-0.0255561
-0.0326484
-0.0245847
-0.0305152
-0.0145068
-0.0204732
0.000844922
-0.0344816
-0.0117791
-0.00361371
0.00166872
-0.0139512
-0.0227715
-0.00884012
-0.0359704
-0.0258119
-0.0230895
-0.03612
-0.0343743
-0.015067
-0.034126
-0.0149487
-0.0266667
-0.0205126
-0.0345432
-0.0172163
-0.0306151
-0.0326045
-0.0345879
-0.0301591
-0.0349394
-0.0345403
-0.0287605
-0.0379656
-0.0348876
-0.034193
-0.0323789
-0.0295717
-0.0365061
-0.0321699
-0.0288118
-0.0301046
-0.0288934
-0.0312779
-0.0276151
-0.0248253
-0.0259572
-0.029234
-0.0248222
-0.023899
-0.0279841
-0.0253851
-0.0282554
-0.022144
-0.027552
-0.0252659
-0.0259949
-0.0259366
-0.0229612
-0.0248947
-0.0216497
-0.0217578
-0.0240183
-0.0235819
-0.0157573
-0.0186686
-0.0136221
-0.0151976
-0.0187721
-0.015266
-0.0155077
-0.0128403
-0.0151637
-0.012807
-0.0124993
-0.0141552
-0.00801899
-0.0124622
-0.00473317
-0.0107743
-0.00493384
-0.00632309
-0.00331698
-0.00485326
-0.00258795
-0.00050984
0.000460766
0.00282436
0.00758941
0.00142333
-0.00171108
0.000496702
0.00285091
0.00315864
0.00356562
0.00831647
0.00755248
0.00848362
0.00895835
0.0101972
0.00908227
0.0128246
0.0129507
0.0138966
0.0162702
0.0180934
0.0170916
0.0177381
0.0189461
0.0208116
0.022408
0.0221134
0.0212916
0.0236132
0.0227146
0.0263233
0.0251896
0.0271696
0.0272059
0.0259758
0.0306194
0.0301411
0.0282003
0.0317941
0.0296981
0.0342274
0.033664
0.0351082
0.0370862
0.0385112
0.0355742
0.0453767
0.0413299
0.0418057
0.0435179
0.046758
0.042663
0.0499902
0.0494221
0.0514738
0.0465263
0.0527834
0.0493559
0.0528023
0.0582672
0.0556446
0.0597207
0.0586831
0.0538487
0.0587036
0.0553419
0.0534908
0.05653
0.0541591
0.0554871
0.0524958
0.057228
0.0588193
0.0609177
0.0622363
0.0608663
0.0654739
0.0622443
0.0664384
0.0658402
0.0675125
0.0687112
0.0684866
0.0645342
0.0658021
0.0677779
0.0660119
0.068666
0.0647418
0.0676697
0.0666427
0.0664845
0.067683
0.0666279
0.0689533
0.0675621
0.0671022
0.0665369
0.0674659
0.0671515
0.0649147
0.0702449
0.0675842
0.0626468
0.0645127
0.0664371
0.0657569
0.0672597
0.0666698
0.0724231
0.0646243
0.0657459
0.0705439
0.0722399
0.0645946
0.0678434
0.0695451
0.0727093
0.0633319
0.0648833
0.0690472
0.0666236
0.0652292
0.063161
0.0648169
0.0640603
0.0650898
0.0688558
0.060682
0.0615376
0.0542989
0.0599075
0.0556589
0.0534676
0.0518616
0.050069
0.0518554
0.0443274
0.0438188
0.0409076
0.0456005
0.0352306
0.0351046
0.0351739
0.037062
0.0321771
0.0313401
0.0193683
0.0285522
0.0247215
0.0191018
0.0168753
0.0184088
0.0141554
0.0124984
0.0170392
0.0100683
0.00341886
0.0142258
0.00695407
0.000276299
0.0113623
0.00232888
0.00548049
0.00198279
-0.000767184
0.00343386
-0.00450616
0.000424351
-0.00195376
0.00048642
-0.00735651
0.000588426
-0.00491384
0.000598538
-0.00915652
-0.00131891
-0.00434066
-0.00181703
-0.00589619
-0.00544556
-0.00894016
-0.00344204
-0.00543153
-0.012942
-0.00131151
-0.0113991
-0.00533948
-0.010046
-0.00470407
-0.00727705
-0.00273689
-0.00745907
-0.010493
-0.00227382
-0.0012791
-0.00558277
-0.0060716
-0.00191113
0
-0.00449939
-0.00196709
0.00136441
-0.000405023
0.00630827
0.00301421
0.00470866
0.00711849
0.00875903
0.012806
0.0100941
0.00598369
0.0119264
0.0134639
0.0122448
0.00749445
0.011896
0.0154067
0.0135614
0.0144209
0.013198
0.0134206
0.015387
0.0239387
0.0223945
0.0177862
0.0257998
0.0204087
0.0246227
0.0231382
0.0263475
0.0261129
0.0298485
0.024897
0.0323583
0.0304261
0.0321677
0.0298254
0.0338442
0.0336893
0.030432
0.0338008
0.0347408
0.0301896
0.0319415
0.0339516
0.0354205
0.0351015
0.036467
0.0320579
0.036355
0.0326127
0.0309792
0.0323261
0.0353411
0.0318967
0.0305098
0.0279428
0.0271617
0.0288295
0.0285679
0.0245521
0.0293347
0.0213962
0.0256878
0.0191365
0.0200661
0.0229129
0.0173785
0.0131107
0.0140931
0.0142104
0.01213
0.0130317
0.0119652
0.00595905
0.00517008
0.010538
0.00350597
0.00488599
0.00662177
0.00249032
0.00480586
-0.00115903
0.000943543
-0.00581624
-0.00275368
-0.00176455
-0.000490682
-0.00432723
-0.00812466
-0.00240516
-0.00465596
-0.00849848
-0.00402334
-0.0047228
-0.00334794
-0.0059401
-0.00123325
-0.00590968
-0.00495098
-0.00421501
-0.00547293
-0.00267693
-0.00184192
-0.000804894
0.00387696
0.0037449
0.00194387
0.00766541
0.0123142
0.0108644
0.0153229
0.0150908
0.0183268
0.0167121
0.022747
0.018193
0.0222494
0.0247821
0.0222284
0.0207392
0.0245566
0.0264926
0.0236522
0.0179978
0.0253953
0.0134216
0.022011
0.0220476
0.00480976
0.0269457
0.0162199
0.0211102
0.0246254
0.0270613
0.0275744
0.0283836
0.0298216
0.0275157
0.0333608
0.0252767
0.0299763
0.0276118
0.0321492
0.0313925
0.0309429
0.0356122
0.0294896
0.030112
0.0336435
0.0328767
0.0342168
0.03408
0.030122
0.0331156
0.0273992
0.02088
0.0251248
0.0240776
0.0241314
0.01918
0.0249819
0.0190523
0.0189147
0.0230107
0.0146437
0.0161072
0.0196851
0.00805977
0.0140577
0.00906307
0.00389457
0.0158112
-0.0031073
0.00890583
0.0017426
-0.00074932
0.00278623
0.000264548
-0.00406078
-0.00190353
-0.00850849
-0.00922441
-0.00579728
-0.0113991
-0.0128507
-0.0132118
-0.0158277
-0.0100825
-0.0129987
-0.0144142
-0.0114641
-0.0192511
-0.0147721
-0.0109654
-0.0116691
-0.0138987
-0.00859704
-0.0103919
-0.0170553
-0.009841
-0.0105864
-0.0180702
-0.00814245
-0.010014
-0.00620371
-0.0115863
-0.000418994
-0.00828747
-0.00411374
-0.00177414
-0.00375041
0.00513809
0.0106588
0.0198103
0.0191488
0.0234598
0.0205521
0.0278204
0.0266109
0.0262142
0.0364748
0.0383358
0.0407
0.0454593
0.0515451
0.0549349
0.055752
0.0549735
0.0619455
0.0717805
0.0744097
0.0755942
0.0847609
0.0848345
0.0892685
0.0913636
0.0898492
0.0913709
0.0910277
0.0875732
0.0918312
0.0907494
0.087821
0.086367
0.0868668
0.0835735
0.0886004
0.0788898
0.0815973
0.0790308
0.0834279
0.0800762
0.0757411
0.0772813
0.0679282
0.0740682
0.0694346
0.0681266
0.0704329
0.0682122
0.0699481
0.0698783
0.07031
0.0637707
0.0675973
0.0651052
0.0624501
0.065409
0.0613379
0.0636657
0.0653856
0.0643801
0.065789
0.0678712
0.0664914
0.0698029
0.0722354
0.0676165
0.0681497
0.0701469
0.0728569
0.0732145
0.0671174
0.0747609
0.0751032
0.0765058
0.0736675
0.0729855
0.0779045
0.0730894
0.0791234
0.0772515
0.074413
0.081523
0.0778733
0.077344
0.080633
0.0795957
0.0831926
0.0857941
0.0857445
0.0813532
0.0924078
0.0870742
0.0874407
0.0884146
0.0933935
0.0879165
0.087418
0.0854995
0.0878258
0.0838827
0.0829218
0.0773677
0.0753519
0.0709551
0.0741751
0.068997
0.0691527
0.063026
0.0595704
0.0610524
0.0600105
0.0583344
0.0543364
0.053862
0.0533481
0.0483543
0.0487379
0.0456293
0.0456076
0.0428347
0.0438677
0.0369331
0.0431179
0.0386157
0.0328698
0.0364094
0.0293137
0.031319
0.029002
0.0233171
0.0230753
0.0235245
0.0178608
0.0177648
0.0134919
0.0111686
0.0130714
0.00836811
0.00893431
0.000469314
0.00482467
0.000836883
0.000587108
-0.00229418
0.00362407
-0.00722119
-0.00251169
-0.0175071
0.00292512
-0.00631513
0
0.00194526
0.00527693
0.0063038
0.00438874
0.00060041
0.00423304
0.00454122
0.00844796
0.0124128
0.00615166
0.0126768
0.0133806
0.011365
0.0176918
0.0150317
0.0129548
0.0164854
0.0135858
0.0086266
0.0127183
0.0151133
0.0158263
0.0156876
0.0214843
0.0129187
0.0116936
0.0139967
0.0122832
0.017835
0.011395
0.00783504
0.0159823
0.0152758
0.0207467
0.00975097
0.0274978
0.0300366
0.0346663
0.0393229
0.0407659
0.0388128
0.0426467
0.0414281
0.041001
0.0390379
0.0312633
0.035231
0.0280676
0.0169221
0.0206663
0.025606
0.0293926
0.0236873
0.0188583
0.0291
0.0278204
0.0234815
0.0331769
0.0287226
0.0306708
0.0287544
0.0191593
0.0133305
0.027748
0.00775779
0.0107593
0.0111593
0.00923335
0.00612868
0.0154573
0.00908329
0.00988128
0.0158413
0.0132711
0.0136707
0.0191875
0.0144852
0.0194964
0.0150761
0.020346
0.0205575
0.0239737
0.018329
0.0166846
0.0201829
0.0191075
0.0131162
0.0179087
0.0153882
0.0160267
0.0100056
0.0129262
0.0103751
0.0125892
0.0173864
0.0104349
0.0175868
0.0195251
0.0240249
0.0238562
0.0303418
0.0324492
0.0342488
0.0330696
0.0364097
0.0401126
0.0376978
0.0356726
0.0425575
0.0380337
0.0381542
0.0328051
0.0307375
0.0380223
0.0330054
0.0354794
0.0363665
0.0378227
0.0344746
0.0384296
0.0419988
0.045988
0.0444943
0.0507115
0.0472869
0.0556742
0.054744
0.0554946
0.0589487
0.0581674
0.061371
0.0681786
0.0706592
0.0658711
0.0712528
0.0770834
0.0789454
0.083448
0.0797202
0.0875142
0.0883567
0.0922321
0.0924163
0.0980229
0.0924372
0.0982172
0.1008
0.0949974
0.101571
0.101653
0.0996005
0.103387
0.104917
0.109111
0.10731
0.101975
0.112666
0.10316
0.108067
0.104343
0.109161
0.108872
0.110794
0.1057
0.108562
0.113145
0.114809
0.114845
0.11454
0.111836
0.113658
0.115563
0.115895
0.113749
0.110084
0.114414
0.113007
0.114859
0.111269
0.114082
0.11197
0.108955
0.109522
0.108082
0.108399
0.111568
0.106428
0.105945
0.102766
0.105099
0.0941893
0.0984884
0.0947585
0.0906835
0.0877185
0.0844464
0.0792448
0.0778844
0.073132
0.0712816
0.0678264
0.0633739
0.0608653
0.0597228
0.0526587
0.0477994
0.0503414
0.0420775
0.0448358
0.0342769
0.0354435
0.0309578
0.0312427
0.0271748
0.0181975
0.0120105
0.0102152
0.00598133
0.00293043
0.00687228
-0.00361516
-0.00196458
-0.00837332
-0.0121632
-0.0143049
-0.022262
-0.0149106
-0.0230032
-0.0228404
-0.0256439
-0.0276785
-0.0252346
-0.0299244
-0.0324834
-0.0297495
-0.0381097
-0.035844
-0.0383897
-0.0485132
-0.0383945
-0.0545766
-0.0424566
-0.0488707
-0.054624
-0.0544182
-0.052898
-0.0487348
-0.0501185
-0.0515296
-0.0528766
-0.0550142
-0.0629632
-0.0481292
-0.060898
-0.0461587
-0.0490442
-0.0527317
-0.0530124
-0.0487075
-0.0458741
-0.0504249
-0.0399511
-0.0395562
-0.0318441
-0.035713
-0.0314271
-0.0184609
-0.00665025
-0.00798455
-0.00762174
-0.00641522
-0.00519697
-0.00821029
-0.0059104
-0.00619643
-0.00705253
0
0
-0.000278914
0.00368507
0.0049444
0.00689039
0.009974
0.0147666
0.0123241
0.0149771
0.0179538
0.0182949
0.0186625
0.0228349
0.0198122
0.0245395
0.0307715
0.0278608
0.0303829
0.0378345
0.036335
0.0389944
0.0427673
0.0462687
0.054915
0.0573305
0.057743
0.0617754
0.064952
0.0661017
0.0675186
0.0692341
0.0735271
0.0754609
0.0769628
0.0782107
0.0789406
0.0812634
0.0807856
0.0847063
0.0828301
0.0698855
0.0664224
0.0670407
0.0672185
0.0734822
0.0687525
0.072233
0.0751724
0.0697134
0.0767042
0.0752674
0.0747509
0.0788233
0.0778926
0.0716061
0.0773339
0.0801526
0.0844645
0.0841539
0.0852885
0.0870521
0.0869239
0.0952105
0.0916355
0.0908757
0.0933124
0.0874917
0.0883771
0.0851112
0.0867713
0.0792491
0.0820573
0.0785431
0.0788334
0.0752424
0.0759231
0.0788813
0.071227
0.0721034
0.0747205
0.0718065
0.07647
0.0786729
0.0766847
0.0835722
0.0789597
0.0836801
0.0824002
0.0822239
0.0823091
0.0814976
0.0832446
0.0813751
0.083915
0.0810539
0.083604
0.0821238
0.0836878
0.080071
0.0816113
0.072653
0.0755219
0.074156
0.0699917
0.074631
0.0665403
0.0747521
0.0735772
0.0728612
0.0739003
0.0705683
0.0716502
0.0760086
0.0642846
0.0760432
0.0654608
0.0642996
0.0613972
0.0687815
0.0640866
0.0610704
0.0598475
0.0537962
0.056755
0.0509908
0.0544835
0.0525822
0.04989
0.0479945
0.0485654
0.0449216
0.0456025
0.0441072
0.0426182
0.0393676
0.0410052
0.0419867
0.0317313
0.0317915
0.0350293
0.0307166
0.0289405
0.0289572
0.0287281
0.0336267
0.0298108
0.0307619
0.0274187
0.0277471
0.0320759
0.0235012
0.0332153
0.0257178
0.0269979
0.0271936
0.0259713
0.0235172
0.0192766
0.0138867
0.0155218
0.0133261
0.010843
0.0132718
0.0132874
0.0119893
0.0118518
0.00113874
0.000802728
-0.000547513
0.00214837
-0.0070759
-0.00164834
-0.0026599
-0.00176523
-0.00604948
-0.0113114
-0.00358552
-0.00499685
0.000679302
-0.00297797
-0.00643441
-0.00317199
-0.00695581
-0.00439792
-0.00774255
-0.00554274
-0.00291664
-0.00342475
0.000457898
-0.00241629
-0.00260645
-0.00365517
-0.00153269
-0.00208136
-0.00309805
-0.00291313
-0.00873054
-0.00359112
-0.00532029
-0.00107831
0.00451341
0.000631219
0.00335285
-0.00353205
0.00099469
0.00178013
0.00124602
0.00550397
0.00683637
0.00980638
0.00863976
0.0142326
0.013402
0.0204341
0.0208054
0.0222022
0.0256906
0.0226923
0.0254502
0.0299401
0.0307969
0.0265381
0.0309916
0.0334539
0.0362526
0.0358295
0.0391342
0.0376859
0.0430461
0.0421779
0.0576702
0.0611108
0.0525623
0.0727088
0.0728621
0.0718436
0.0626452
0.0762617
0.0856028
0.085682
0.0854751
0.0875653
0.0878587
0.0818952
0.0881884
0.0814224
0.0918794
0.084779
0.0842506
0.0868168
0.0871531
0.0838019
0.0887595
0.0922771
0.0870845
0.0871424
0.0787989
0.080817
0.0812783
0.0832862
0.0724457
0.0756192
0.0681894
0.0700774
0.0688143
0.06399
0.0629082
0.0626376
0.0537768
0.0604406
0.0541078
0.0533181
0.0510738
0.0520848
0.0474811
0.0475151
0.0414367
0.0395094
0.0339691
0.0320193
0.0354983
0.0290042
0.0253538
0.022337
0.0245132
0.0163525
0.0190646
0.012667
0.0109192
0.0109605
0.00558016
0.00133698
0.00167017
-0.0057612
-0.00423384
-0.00497997
-0.00236593
-0.00788913
-0.00579997
-0.00462933
-0.00452233
-0.000665158
-0.00111233
-0.00258702
-0.00336073
-0.000573166
0.0056947
0.00246593
0.00381069
0.000947051
0.00487337
0.000793898
0.00357852
0.00630123
0.00697742
0.0168217
0.00860426
0.0210382
0.0131719
0.0153524
0.0202687
0.0125302
0.0114646
0.0168515
0.0182657
0.0165616
0.0173694
0.015508
0.0206113
0.0149554
0.0217455
0.0131126
0.0184062
0.0204987
0.019477
0.0172791
0.0154782
0.0218258
0.0122572
0.018052
0.019747
0.0196017
0.0230877
0.0133784
0.0221969
0.0297975
0.0226638
0.0238237
0.0272835
0.0258722
0.0349427
0.0367645
0.0334278
0.0339011
0.0352429
0.0315666
0.0335829
0.0363163
0.0394916
0.0302902
0.0342507
0.0379678
0.0297956
0.0354744
0.0245089
0.0395389
0.0290547
0.0297469
0.0321486
0.0332347
0.0324027
0.0330831
0.0365838
0.0261564
0.0269137
0.0265273
0.0254735
0.0251401
0.0316292
0.0271014
0.0308285
0.0437354
0.0412267
0.0434243
0.0561129
0.0543127
0.0619015
0.0654349
0.0662332
0.066977
0.0757303
0.0773749
0.0749327
0.0780565
0.0818708
0.0814126
0.0823902
0.0885024
0.0856164
0.0871158
0.0897253
0.0970438
0.0921658
0.096576
0.106394
0.105739
0.10294
0.106554
0.10826
0.106693
0.106502
0.109651
0.107085
0.109787
0.111944
0.110292
0.114459
0.108869
0.10973
0.109214
0.107925
0.106492
0.101751
0.112287
0.10836
0.103589
0.106143
0.106919
0.102117
0.107135
0.10216
0.0967935
0.0945574
0.091773
0.0911033
0.0941839
0.0827605
0.0819281
0.0815851
0.0754671
0.0730106
0.0704024
0.0657702
0.0623792
0.0586276
0.0492909
0.0537322
0.0441678
0.042116
0.0394343
0.0350666
0.0333142
0.0276101
0.0266367
0.0243459
0.0156584
0.0149704
0.00832074
0.00940967
0.00216031
-0.000640588
-0.00182012
-0.0168701
-0.0100797
-0.0213471
-0.0317448
-0.029126
-0.0368325
-0.0428168
-0.044942
-0.0483708
-0.0592521
-0.0580494
-0.0643908
-0.0688268
-0.0667708
-0.0750337
-0.0695284
-0.0773676
-0.0832281
-0.0783934
-0.0821368
-0.0879643
-0.0862953
-0.089315
-0.0888222
-0.0895067
-0.0854573
-0.0911584
-0.0859355
-0.0854477
-0.0895352
-0.0845327
-0.0904313
-0.0797289
-0.0803716
-0.0803126
-0.079575
-0.076383
-0.0713711
-0.075424
-0.0706463
-0.0690702
-0.0658616
-0.0637663
-0.0611067
-0.0582956
-0.0487639
-0.0500662
-0.0389376
-0.0321221
-0.0356484
-0.0303712
-0.02269
-0.0257035
-0.0162976
-0.018694
-0.0130689
-0.00636777
0.00408508
0.0052478
0.0172334
0.0187001
0.0274246
0.0307321
0.0302951
0.040081
0.0430128
0.0434023
0.046354
0.0596833
0.0544234
0.0639855
0.0656714
0.0706056
0.0706641
0.0760939
0.0798001
0.0813449
0.0884589
0.089858
0.0943436
0.0940886
0.0999289
0.10169
0.107147
0.109702
0.11463
0.115133
0.123469
0.120339
0.133794
0.130638
0.136613
0.134914
0.137519
0.144696
0.142722
0.152151
0.158745
0.155081
0.160176
0.154052
0.169763
0.163231
0.162108
0.170038
0.164405
0.171919
0.171341
0.168643
0.161046
0.161182
0.17263
0.166641
0.167905
0.171332
0.172183
0.174749
0.171656
0.165134
0.167887
0.158129
0.156749
0.154409
0.147921
0.144684
0.146677
0.136482
0.136419
0.135859
0.131312
0.117278
0.118781
0.120544
0.112589
0.1063
0.102278
0.101975
0.0996867
0.0924383
0.0905759
0.0832139
0.0850791
0.0765318
0.0767667
0.0735823
0.0725259
0.0689984
0.0655011
0.0609938
0.0603466
0.0570275
0.0534135
0.0526424
0.0465482
0.0465787
0.0374164
0.0368235
0.033391
0.0294984
0.0263833
0.0222209
0.0197947
0.0145362
0.0104177
0.00621181
0.00170771
-0.00174802
-0.0040502
-0.00513668
-0.0267402
-0.00913689
-0.016353
-0.0135104
-0.0153562
-0.0172335
-0.0194518
-0.0233446
-0.0209523
-0.0269583
-0.0255621
-0.0267666
-0.0297836
-0.031042
-0.033824
-0.0385202
-0.0367046
-0.0416588
-0.0431435
-0.0382929
-0.0437321
-0.0446765
-0.0470367
-0.0497882
-0.0516134
-0.0533206
-0.0557901
-0.0612884
-0.0644162
-0.0785883
-0.0617775
-0.0624131
-0.0673697
-0.064026
-0.0702021
-0.0586785
-0.0671275
-0.061316
-0.0628854
-0.0563464
-0.0597178
-0.0635001
-0.0579057
-0.0553737
-0.0551246
-0.0491641
-0.0512637
-0.046778
-0.0474053
-0.0474207
-0.0447939
-0.0439744
-0.041516
-0.0394703
-0.0326956
-0.0319409
-0.0329243
-0.0295058
-0.0267815
-0.0240187
-0.0239139
-0.0164932
-0.0161241
-0.0142976
-0.00691277
-0.00393745
-0.00260352
0.00552207
0.0071835
0.0109353
0.0134284
0.0119852
0.0209651
0.0251182
0.0249725
0.0304061
0.0304174
0.0346623
0.0405236
0.0414409
0.0509644
0.0579144
0.0646275
0.074524
0.0750598
0.0825808
0.0891164
0.0945312
0.0900302
0.104586
0.100948
0.107112
0.112219
0.1131
0.1215
0.119399
0.122368
0.12685
0.128738
0.132559
0.133359
0.135279
0.143738
0.144861
0.147453
0.147421
0.15118
0.151966
0.154045
0.155194
0.156745
0.159604
0.161063
0.162617
0.16266
0.173108
0.163566
0.167971
0.16943
0.17417
0.169062
0.170374
0.181298
0.175194
0.175009
0.177808
0.174794
0.178435
0.179306
0.174796
0.172462
0.171811
0.170142
0.163632
0.162007
0.167518
0.162262
0.163071
0.157466
0.157856
0.151179
0.143268
0.13813
0.135986
0.127254
0.123559
0.122053
0.115297
0.112491
0.107274
0.103182
0.0996644
0.0964478
0.0941943
0.0911978
0.0856835
0.0881904
0.0794481
0.0778567
0.0763281
0.0765705
0.0682345
0.0593582
0.0618586
0.0616246
0.0542758
0.0443566
0.0405713
0.0352904
0.031341
0.0264575
0.0163895
0.0198531
0.00831924
0.00548608
0.00238557
-0.00892308
-0.00445751
-0.00659481
-0.00967866
-0.00831766
-0.0112932
-0.0124891
-0.016883
-0.016982
-0.0234601
-0.0253428
-0.0290417
-0.029839
-0.0361855
-0.0357401
-0.0445142
-0.0395623
-0.0465265
-0.0494148
-0.0507974
-0.0543757
-0.0554199
-0.0569884
-0.0609706
-0.0614121
-0.0620017
-0.06766
-0.0650142
-0.0675609
-0.0693904
-0.0738723
-0.0712091
-0.0775041
-0.074565
-0.0801945
-0.0808383
-0.0841279
-0.0836128
-0.0901223
-0.0991977
-0.0889307
-0.0830388
-0.0781844
-0.0795163
-0.0811697
-0.0762569
-0.0745526
-0.073685
-0.0706354
-0.0682842
-0.0630478
-0.066102
-0.061781
-0.0571678
-0.0574166
-0.0509975
-0.0490797
-0.0417501
-0.0439596
-0.0404466
-0.0368259
-0.032022
-0.0303941
-0.0221447
-0.0240368
-0.0154287
-0.0138512
-0.0168922
-0.00935187
-0.00582913
-0.00122439
-0.00230493
0.00995227
0.0117281
0.0165766
0.0220638
0.0219305
0.0336384
0.0382265
0.0507956
0.0504172
0.0558759
0.0588088
0.0679462
0.0651723
0.0775856
0.0819538
0.0944267
0.0921537
0.109404
0.110717
0.120182
0.129792
0.128027
0.143718
0.155972
0.16533
0.16466
0.171934
0.176278
0.180916
0.179979
0.179323
0.184169
0.18486
0.183581
0.184758
0.186225
0.186608
0.186791
0.186777
0.187083
0.187568
0.187474
0.18879
0.191096
0.189181
0.189976
0.189498
0.185806
0.185846
0.179856
0.164717
0.180034
0.170722
0.166629
0.166433
0.165349
0.163416
0.166895
0.164262
0.162807
0.162233
0.160966
0.157686
0.150634
0.154924
0.151299
0.152644
0.139243
0.133326
0.143676
0.130958
0.131188
0.132711
0.126543
0.124848
0.121309
0.116735
0.11144
0.104155
0.0959778
0.0931266
0.0887354
0.0880074
0.0758639
0.0772163
0.0712185
0.0666065
0.0615892
0.0562743
0.0515165
0.0495054
0.0432666
0.0419503
0.0369466
0.0326698
0.030227
0.0233987
0.0238267
0.0153136
0.0157269
0.0111159
0.00579469
0.00224359
-0.00282006
-0.00271442
-0.0115817
-0.0146419
-0.022867
-0.0229318
-0.0264468
-0.0315931
-0.0299644
-0.0374795
-0.043353
-0.0417056
-0.040727
-0.0464056
-0.0506489
-0.050793
-0.0587215
-0.0530715
-0.0605629
-0.059767
-0.0634629
-0.0649158
-0.0612528
-0.070751
-0.0601609
-0.0684203
-0.0693637
-0.0662385
-0.0708261
-0.0689842
-0.0693924
-0.0738006
-0.068206
-0.0688606
-0.0696233
-0.073087
-0.0698247
-0.0683626
-0.0672254
-0.0662778
-0.0627158
-0.0635193
-0.0603436
-0.0572019
-0.055335
-0.0555722
-0.0514124
-0.0501851
-0.047351
-0.0406309
-0.0402358
-0.0390515
-0.034739
-0.0362331
-0.0318646
-0.0230315
-0.0183284
-0.0183297
-0.0111085
-0.0110069
-0.0123659
-0.00562362
-0.000618177
0.00421142
0.00865557
0.00773976
0.0175565
0.0160182
0.0177212
0.0292534
0.0271693
0.0315768
0.0378861
0.045436
0.0491396
0.0610446
0.0617283
0.0776689
0.0770738
0.0798419
0.0870442
0.0952378
0.0944279
0.0996772
0.104671
0.109203
0.116102
0.114079
0.127857
0.13399
0.144517
0.1409
0.153547
0.151867
0.147474
0.172665
0.169855
0.178465
0.179367
0.183453
0.181445
0.180002
0.180345
0.180004
0.184366
0.186577
0.177575
0.180466
0.181366
0.177001
0.177629
0.182007
0.17579
0.177932
0.172443
0.175247
0.17826
0.176212
0.176918
0.172092
0.175152
0.174411
0.171218
0.170436
0.172646
0.169265
0.164933
0.169969
0.16373
0.161428
0.157874
0.157497
0.14937
0.130029
0.139286
0.132104
0.127833
0.124725
0.125042
0.121659
0.119196
0.118497
0.116789
0.11391
0.1127
0.105697
0.103184
0.0958812
0.0910975
0.0817388
0.0788661
0.0730205
0.0695256
0.0643099
0.0585332
0.0609259
0.0547451
0.0482652
0.047467
0.0438667
0.0454765
0.0351943
0.0364076
0.0299955
0.0285403
0.0244872
0.0229025
0.0214627
0.0132144
0.0136029
0.00947755
0.00609741
0.00605502
0.00380548
0.00136408
-0.00453723
-0.00719803
-0.00706816
-0.00974027
-0.0134194
-0.0160588
-0.0161211
-0.0211573
-0.0189863
-0.0228761
-0.0236074
-0.0281019
-0.0285375
-0.0274619
-0.0296614
-0.0345875
-0.0346969
-0.0338652
-0.0355331
-0.037499
-0.0347038
-0.0393503
-0.0374042
-0.0404986
-0.0386047
-0.0402238
-0.0370631
-0.0429459
-0.0401984
-0.0386031
-0.0386981
-0.0386844
-0.0347545
-0.0387845
-0.03628
-0.0358567
-0.0357471
-0.0358317
-0.0365923
-0.0337534
-0.0336925
-0.031058
-0.0294123
-0.0284813
-0.0247299
-0.0217053
-0.0177392
-0.0159578
-0.0158142
-0.0101034
-0.00925306
-0.00715269
-0.00608285
0.00114172
0.00397231
0.00463288
0.0137137
0.0133345
0.01807
0.0279359
0.0276139
0.0310119
0.0356953
0.0370752
0.0420495
0.0388764
0.048791
0.0458472
0.0536153
0.0623023
0.0634325
0.0653769
0.0713254
0.0765421
0.0757133
0.0917512
0.0901508
0.10089
0.0997268
0.103988
0.101274
0.103253
0.108039
0.108084
0.107977
0.109624
0.11336
0.114383
0.113632
0.122026
0.126166
0.12495
0.12772
0.133468
0.12998
0.135677
0.13328
0.135644
0.135397
0.13084
0.13722
0.133284
0.139339
0.133976
0.129539
0.136631
0.135382
0.130613
0.129829
0.133897
0.128536
0.126255
0.125741
0.12197
0.134379
0.123738
0.127463
0.120156
0.118874
0.117287
0.11143
0.117174
0.104981
0.103585
0.106468
0.0991043
0.104529
0.102817
0.100139
0.0967305
0.0958884
0.0951757
0.0963852
0.0917608
0.087116
0.0826616
0.0770972
0.0806275
0.0710912
0.066618
0.071987
0.0651728
0.0631438
0.0614782
0.057018
0.0544342
0.058292
0.0522353
0.051104
0.0497039
0.0497906
0.048767
0.0456369
0.0424364
0.0408927
0.0407124
0.0423481
0.0400585
0.0348804
0.0374577
0.0358016
0.032833
0.029694
0.0353431
0.0279416
0.0249219
0.026323
0.0285494
0.0270391
0.0245872
0.0269136
0.0274701
0.0265383
0.0294863
0.0275328
0.026498
0.0239617
0.0255664
0.0273923
0.0256757
0.0274413
0.0283644
0.0271876
0.0282103
0.0303056
0.0253278
0.024503
0.0230217
0.0200246
0.0251605
0.0152294
0.0233406
0.017175
0.0174689
0.0173603
0.0142249
0.0145322
0.0121981
0.0131303
0.010967
0.0084648
0.0100862
0.00837891
0.00572222
0.00807435
0.00430108
0.00599073
0.00576486
0.00711819
0.00243885
0.00653365
0.00588274
0.00483691
0.00505714
0.00682507
0.00404743
0.00728331
0.00416864
0.00609304
0.00572311
0.00632731
0.00707954
0.00774682
0.00507808
0.00862809
0.0108291
0.0130519
0.011308
0.013718
0.0158679
0.0166278
0.0184515
0.0189662
0.0203267
0.0238967
0.0297632
0.0333051
0.0332473
0.0363223
0.0377192
0.0379351
0.0408528
0.0459047
0.0450036
0.0493825
0.0512311
0.0568682
0.0559932
0.0620221
0.064698
0.0696293
0.0699396
0.0763968
0.0768109
0.091897
0.088064
0.0899566
0.095516
0.0934408
0.0937217
0.09751
0.0986359
0.0993699
0.0978879
0.0969926
0.103943
0.100167
0.0993183
0.102036
0.103106
0.0986241
0.10667
0.101453
0.102417
0.106379
0.103128
0.104055
0.103347
0.100157
0.102485
0.103183
0.105201
0.102359
0.102673
0.100814
0.104079
0.0994345
0.102679
0.101458
0.0990074
0.0951468
0.103664
0.0971033
0.1036
0.100147
0.0968911
0.0954346
0.0970475
0.0974343
0.0992551
0.0947379
0.0937615
0.0939689
0.0923207
0.094464
0.0893245
0.0887121
0.0807486
0.0761506
0.0751734
0.0690157
0.0639132
0.0639805
0.0607602
0.0577931
0.0522968
0.0494812
0.0476205
0.0441372
0.0473857
0.0359013
0.0365812
0.0341243
0.0311663
0.031074
0.0283425
0.024157
0.0209925
0.0215282
0.0231085
0.0194523
0.0224264
0.0212744
0.0192813
0.0147739
0.0129948
0.0129252
0.00999421
0.0144894
0.00995243
0.0131831
0.00950134
0.00999802
0.0121099
0.00770349
0.0107013
0.00521483
0.00880888
0.0142073
0.00323834
0.0085528
0.00933962
0.0103189
0.00996425
0.0146776
0.00821555
0.0128178
0.0120808
0.0100778
0.0101035
0.0101532
0.0108154
0.0161445
0.0120729
0.0102599
0.0131065
0.0133323
0.0139143
0.0138453
0.0147583
0.01282
0.0146189
0.0133999
0.0189795
0.017112
0.0174384
0.0196139
0.0173813
0.0183824
0.0180199
0.0195226
0.0219233
0.0199398
0.0192574
0.0237446
0.0229003
0.024727
0.0234861
0.0293445
0.0229683
0.0295145
0.0261964
0.03139
0.0306934
0.0314976
0.0306206
0.0317985
0.0303966
0.0341952
0.0364101
0.0350838
0.0392878
0.0333232
0.0386898
0.0410924
0.0367591
0.0410537
0.0412315
0.0462037
0.0438523
0.0439871
0.0513894
0.0432778
0.0502733
0.0488344
0.0484848
0.0494746
0.054293
0.0504806
0.0523965
0.0534391
0.0538662
0.0582634
0.0557993
0.0562467
0.0586927
0.0613869
0.0593002
0.0598628
0.0650552
0.0614653
0.0655005
0.0665178
0.0635752
0.0665086
0.065171
0.0658438
0.0653748
0.0683928
0.0638313
0.0657926
0.0689261
0.065957
0.0668525
0.0683185
0.066841
0.0661968
0.0635237
0.0676468
0.0653869
0.0648666
0.0676415
0.0651616
0.0667221
0.064552
0.0675191
0.0667893
0.0614483
0.064809
0.065122
0.0694787
0.0597759
0.0652063
0.0632799
0.0637242
0.0646351
0.057912
0.062365
0.0605711
0.0595501
0.0572841
0.0643079
0.053477
0.0566136
0.0602917
0.0572669
0.0578826
0.0573379
0.0569361
0.056596
0.0577529
0.0509258
0.0538081
0.04915
0.0541042
0.0516599
0.0510661
0.0532391
0.0524939
0.0518556
0.0475087
0.0530791
0.0510169
0.0470976
0.0478035
0.0422773
0.0471047
0.04308
0.0448455
0.0384862
0.0441164
0.0378432
0.0374664
0.0369488
0.0381715
0.0357422
0.0341148
0.0362819
0.0362316
0.0305452
0.032006
0.0313754
0.0310227
0.0281888
0.0262426
0.0261098
0.0216351
0.0240403
0.0219319
0.0233627
0.0224605
0.0235113
0.0210726
0.0214446
0.0223035
0.0207756
0.0180564
0.0171588
0.0199271
0.0190811
0.0174258
0.0199833
0.0169406
0.0228499
0.0186986
0.0212881
0.0196621
0.0200887
0.0188273
0.022912
0.0250193
0.0209294
0.0244624
0.0218228
0.0238187
0.0235511
0.0270738
0.0247372
0.0274194
0.0250991
0.0304001
0.0282584
0.0304847
0.0290155
0.0333195
0.0376258
0.0312026
0.033056
0.0372552
0.036017
0.0392789
0.0414164
0.0419443
0.0429179
0.0427044
0.0442562
0.0494581
0.0452299
0.0473764
0.0496056
0.0512732
0.0510859
0.0506844
0.0505117
0.0522107
0.0550779
0.059232
0.0581879
0.0615096
0.0592753
0.0607959
0.0572208
0.0594393
0.0582833
0.0612547
0.0593355
0.0612096
0.0604152
0.0609292
0.0565616
0.0578068
0.0634134
0.0581255
0.0634369
0.0593772
0.0563903
0.0593362
0.0588255
0.0593043
0.0613864
0.0564958
0.0550557
0.0559125
0.0600725
0.0572173
0.0563315
0.0561616
0.0595653
0.0574798
0.0521182
0.0524368
0.0536879
0.0512012
0.0464349
0.0477334
0.0495737
0.0444454
0.0455324
0.0462144
0.0415687
0.0424986
0.035385
0.0395621
0.0383375
0.0371453
0.0340662
0.0365007
0.0342374
0.0357906
0.033971
0.0347813
0.0368873
0.0360063
0.0361338
0.0360465
0.0350927
0.0377637
0.0342351
0.0376739
0.0369909
0.0357645
0.0348762
0.0377997
0.0348696
0.0325898
0.0407338
0.0326551
0.0414044
0.0377187
0.035356
0.036291
0.0387128
0.038348
0.0363555
0.0350652
0.0388127
0.0389846
0.0376329
0.0344964
0.0393221
0.0359253
0.0389533
0.0377847
0.0385963
0.0354895
0.0350598
0.0378383
0.0386597
0.0482533
0.0376289
0.0422482
0.0440558
0.0446434
0.0405065
0.0445386
0.0469845
0.0438494
0.0460448
0.0484616
0.0457499
0.048594
0.0490304
0.0472877
0.0495454
0.0478992
0.0507818
0.0462592
0.0485115
0.048592
0.0515032
0.0476952
0.0490016
0.0468697
0.050986
0.0469342
0.051818
0.0430882
0.0473216
0.0455836
0.0436291
0.0451328
0.049176
0.0461064
0.0445701
0.0458738
0.0396647
0.0426748
0.0426994
0.038081
0.0389867
0.0380393
0.0371609
0.0380964
0.032569
0.0338759
0.0341876
0.0320455
0.0299866
0.0304848
0.030321
0.0292141
0.0270101
0.0248052
0.0282903
0.0282888
0.0250056
0.0262537
0.0258765
0.0260582
0.0254986
0.0261473
0.0219224
0.0275707
0.0220389
0.0288535
0.0247991
0.0239538
0.0275869
0.0274532
0.0243623
0.0245739
0.0261594
0.0263341
0.0231081
0.0259556
0.0291629
0.0276281
0.0290348
0.0309351
0.0252461
0.0285996
0.0300509
0.0286721
0.0307947
0.0295985
0.02624
0.0313844
0.0328385
0.0282144
0.0340338
0.0294236
0.0309545
0.032546
0.03436
0.028412
0.0291897
0.035228
0.0337126
0.029009
0.0356814
0.0320553
0.0337995
0.0301475
0.0368584
0.0352339
0.0387654
0.0379618
0.0354522
0.042461
0.0400989
0.0386968
0.0407879
0.0425469
0.0425039
0.0421474
0.0399286
0.0415984
0.0451807
0.0432837
0.0423494
0.0474879
0.0409859
0.0442271
0.0449303
0.0458805
0.0443359
0.0427214
0.0461805
0.0424157
0.0456894
0.0441552
0.0455772
0.0471528
0.0427663
0.0452266
0.047186
0.0440208
0.044838
0.0494591
0.0441472
0.0448401
0.0489977
0.0446596
0.0462482
0.0431326
0.0491934
0.0426021
0.0460543
0.0473978
0.0443242
0.0459091
0.0442024
0.0482173
0.0435224
0.0428821
0.0482412
0.045957
0.0457704
0.0476468
0.0470576
0.0473293
0.0468201
0.0460071
0.0437317
0.0478572
0.0448357
0.0459919
0.045429
0.044701
0.0455299
0.0430019
0.0474263
0.0415799
0.048492
0.042775
0.0455294
0.0460364
0.0477535
0.0430624
0.0423831
0.0457557
0.0408183
0.0438279
0.0438946
0.0438058
0.0460931
0.0456752
0.0428544
0.0443415
0.0418669
0.0471016
0.0411631
0.0477773
0.0399849
0.0474482
0.0425569
0.0428933
0.0413828
0.0460592
0.0416755
0.0425041
0.0425468
0.0456747
0.0443415
0.0439485
0.0425344
0.0442466
0.0411066
0.0440974
0.0421474
0.0413411
0.0424115
0.0391977
0.0456437
0.041441
0.0424471
0.0410231
0.0430321
0.0400233
0.0427162
0.041662
0.0408669
0.0416568
0.0409011
0.0358274
0.0402742
0.0383461
0.0406311
0.0367049
0.0368007
0.0412621
0.0354982
0.0380189
0.0369122
0.0319709
0.0384514
0.0350334
0.035023
0.0323686
0.032052
0.0345097
0.0306299
0.0338009
0.0351248
0.0313574
0.033347
0.0282464
0.029222
0.0289904
0.0297824
0.0287481
0.0277049
0.0294994
0.0261154
0.0287933
0.0279307
0.0300103
0.0261122
0.0319003
0.0266629
0.0306735
0.0307444
0.0299128
0.0293961
0.0308234
0.0333904
0.0250804
0.0308406
0.0309397
0.0292967
0.0309791
0.0320704
0.0310473
0.0294472
0.0324206
0.0307964
0.027867
0.0307389
0.0299047
0.0309335
0.0282823
0.0303975
0.0306679
0.0292162
0.0276744
0.0298459
0.0291705
0.0303197
0.0311705
0.0308006
0.0317933
0.0325813
0.0374378
0.0353406
0.0319353
0.0383519
0.0385831
0.0355124
0.0348484
0.0426104
0.0338287
0.0341831
0.0391222
0.040943
0.0366602
0.0372865
0.0337196
0.0435563
0.0377994
0.0366379
0.0375709
0.0419355
0.0404296
0.0368498
0.0428615
0.036895
0.0402982
0.0460054
0.0400513
0.0398546
0.0439009
0.0432928
0.0382002
0.0401629
0.0416891
0.0437366
0.0434764
0.0431624
0.0449759
0.0406333
0.0432827
0.0416472
0.0418932
0.0405955
0.0414533
0.0383941
0.0391669
0.0423176
0.0414946
0.0374914
0.0354665
0.0399132
0.0345242
0.0382572
0.0383499
0.039511
0.0380609
0.0383352
0.0374258
0.0425689
0.0358844
0.0407438
0.0383499
0.0383363
0.0375885
0.03674
0.0351994
0.0375706
0.0368269
0.0368767
0.0373508
0.0371387
0.0351849
0.0355954
0.036078
0.0367897
0.0331767
0.0353633
0.0351638
0.0316963
0.0327112
0.0327659
0.0292209
0.0339458
0.0316441
0.0303089
0.0288055
0.0318654
0.0275372
0.0273547
0.0271267
0.0287224
0.0304384
0.0301046
0.0274075
0.0267776
0.0287694
0.0276604
0.0250368
0.0247352
0.0264095
0.0299149
0.0265842
0.0242515
0.0288439
0.0272064
0.0273836
0.0290586
0.0285677
0.0256261
0.0289321
0.0312952
0.0255371
0.0297023
0.02881
0.0259365
0.0326098
0.0287567
0.0273154
0.0284195
0.0310558
0.0304397
0.0307358
0.0283814
0.0304372
0.0328374
0.0301301
0.0291113
0.0340644
0.0275746
0.0316164
0.0299288
0.0335486
0.0291141
0.0324475
0.0322538
0.0286295
0.0321354
0.030591
0.0325274
0.0318101
0.0306589
0.0337797
0.0297228
0.0313189
0.0339573
0.0273823
0.0338356
0.0272744
0.0305814
0.0310358
0.0296483
0.0318672
0.0307306
0.030142
0.0288554
0.0312865
0.0310009
0.0313561
0.0295347
0.0308098
0.0278898
0.0327454
0.0281679
0.0309376
0.0309021
0.0261403
0.0304961
0.0298955
0.0282522
0.0283051
0.0298787
0.0297774
0.0275109
0.0290147
0.0340131
0.0265221
0.0269979
0.0303308
0.0288206
0.0311532
0.0258797
0.0298544
0.0310605
0.030132
0.0290714
0.0299569
0.0308568
0.0281134
0.0296818
0.0298516
0.0305092
0.0317026
0.0292188
0.0300555
0.0290572
0.0310163
0.0325184
0.0277209
0.0324747
0.0298861
0.0294428
0.0290029
0.0296274
0.0296266
0.031651
0.0261538
0.0289507
0.0307925
0.0297257
0.0306392
0.0322847
0.0324095
0.0304586
0.028904
0.0322113
0.0304372
0.0312533
0.0340059
0.0335002
0.0327529
0.0356379
0.0325801
0.0334989
0.0374965
0.0313759
0.0382882
0.0327707
0.0351271
0.0342275
0.0355978
0.0352446
0.0370537
0.0323534
0.0352451
0.0393712
0.0356881
0.0351261
0.0355131
0.0374914
0.0395699
0.0341911
0.0390264
0.0391555
0.0383042
0.0368721
0.0384449
0.0396578
0.038281
0.0388792
0.0412675
0.0385995
0.0415884
0.041468
0.0427354
0.0388958
0.0398944
0.0368889
0.0426334
0.0374726
0.041167
0.0415473
0.0352307
0.0405182
0.0383357
0.0411447
0.0365078
0.0415772
0.0365976
0.0360067
0.0369362
0.0367399
0.0331722
0.0386477
0.0367716
0.0370065
0.0369894
0.0370435
0.0362398
0.0385041
0.0336808
0.0353112
0.0368672
0.0370469
0.034099
0.0354857
0.035945
0.0346313
0.0369679
0.0318905
0.0360981
0.0368391
0.0319258
0.0304652
0.0333271
0.0355469
0.0342929
0.035039
0.0321959
0.0309342
0.0337202
0.0294561
0.0328625
0.0353652
0.0314765
0.032768
0.02609
0.03182
0.0290718
0.0318767
0.0292832
0.0283178
0.0293883
0.0294222
0.0262804
0.0264607
0.0310571
0.0290755
0.0264694
0.0263695
0.0308828
0.0281704
0.0277998
0.0291798
0.0266136
0.0292687
0.029974
0.0275361
0.0274525
0.0287733
0.0277962
0.0280531
0.0262854
0.0230795
0.0242014
0.02787
0.0262535
0.028108
0.0276367
0.0228352
0.0226066
0.027805
0.0292672
0.0262851
0.0263216
0.026374
0.0201498
0.0280466
0.0299994
0.0269152
0.025121
0.0307868
0.0270938
0.0299362
0.0276331
0.0267769
0.0284765
0.0291345
0.0269372
0.0274669
0.0288517
0.0276496
0.0249708
0.0274339
0.0247865
0.0261244
0.0262395
0.026024
0.0255705
0.025302
0.0255828
0.0260085
0.0223011
0.0263564
0.0250537
0.0303896
0.0252395
0.0276819
0.0280238
0.0261809
0.0277492
0.0308082
0.0251352
0.0265735
0.0302861
0.028741
0.0262707
0.0321978
0.026322
0.0278787
0.0304171
0.0295612
0.0303132
0.0307055
0.0296934
0.0310187
0.03064
0.0311972
0.0317797
0.0323339
0.0307847
0.0337701
0.0316943
0.0326368
0.0331928
0.0292861
0.032478
0.0336948
0.0334551
0.0317937
0.0359721
0.0308934
0.0347877
0.0310333
0.0327453
0.0310462
0.0329533
0.033794
0.0318107
0.0339694
0.0328328
0.0308779
0.0331084
0.0339315
0.0315101
0.0322649
0.0309716
0.0309877
0.0326638
0.0307071
0.0322506
0.0307283
0.0325906
0.0298265
0.0245738
0.0301189
0.0310088
0.0295849
0.0308652
0.0310889
0.0325458
0.0290775
0.0378347
0.0276497
0.033785
0.0296106
0.0327316
0.0307003
0.0285579
0.0337758
0.032526
0.0316816
0.0303899
0.0338874
0.0317849
0.0297907
0.0328942
0.0310401
0.0306991
0.0290516
0.0323916
0.0321737
0.028777
0.0319052
0.0322871
0.0313292
0.0336168
0.0292432
0.0316762
0.0320795
0.0320669
0.0313359
0.0325695
0.0292978
0.0326151
0.0310055
0.03381
0.0310553
0.0297919
0.0319398
0.0329614
0.0292009
0.030881
0.0328751
0.029385
0.0310443
0.0308066
0.0306958
0.0323211
0.0309342
0.0306803
0.032569
0.0305385
0.0265897
0.0307585
0.0311972
0.030622
0.0277841
0.0265466
0.0305338
0.0308647
0.0323433
0.025692
0.0298045
0.0291456
0.0259548
0.0280205
0.0290447
0.0240286
0.0282381
0.0276763
0.0280865
0.0276343
0.0259046
0.0273754
0.0264278
0.0245803
0.0251527
0.0278711
0.0228754
0.0256552
0.0248055
0.0261244
0.0224598
0.0233285
0.0248655
0.0220474
0.0250404
0.0230045
0.022504
0.0266071
0.0217896
0.0248064
0.0232112
0.0257342
0.0231856
0.025588
0.0211714
0.0235729
0.0242632
0.0249118
0.0241191
0.0228867
0.0259832
0.0265554
0.0307781
0.0244284
0.0236622
0.0291174
0.0240469
0.0252309
0.0295385
0.0206387
0.0256578
0.0276407
0.0296072
0.0300939
0.0310269
0.0318441
0.0273268
0.0287132
0.0306
0.0302067
0.0280069
0.0267829
0.0241912
0.0292189
0.025322
0.025935
0.0260721
0.0307334
0.0275373
0.0266238
0.0255731
0.0270824
0.0307788
0.0285755
0.0262572
0.0275293
0.0250838
0.0337012
0.0275837
0.0259798
0.0281364
0.0268098
0.0341369
0.0275322
0.0304298
0.0274873
0.0340733
0.0330726
0.0303738
0.0301123
0.0325407
0.0342147
0.029998
0.0362373
0.031681
0.0346027
0.0356647
0.0344065
0.0355902
0.0354189
0.0381359
0.0357434
0.0369905
0.0350114
0.0374121
0.0396546
0.0351437
0.0359049
0.0362457
0.0337317
0.0384141
0.0353525
0.0408362
0.0321452
0.0408357
0.0346027
0.0377753
0.0381695
0.0367666
0.0358783
0.0358905
0.0373711
0.0370567
0.0364344
0.0356953
0.0365817
0.0375784
0.0357909
0.0370004
0.0358564
0.0383282
0.0355953
0.036754
0.0360528
0.0366184
0.0399349
0.0356581
0.0373445
0.0393028
0.0343798
0.0414501
0.0358905
0.0382911
0.0335796
0.04227
0.0369316
0.0384903
0.035039
0.040615
0.0351679
0.0355131
0.0408391
0.0366574
0.0382869
0.0358645
0.0353707
0.0381944
0.0353774
0.0372039
0.0383216
0.0348468
0.0382636
0.0368682
0.0360566
0.0366642
0.0369434
0.0328454
0.0366608
0.0356117
0.0359147
0.0381584
0.0371164
0.0358968
0.0384602
0.035654
0.0357096
0.0368513
0.0378166
0.0342812
0.0383193
0.0357763
0.0374038
0.0312052
0.0368677
0.0358645
0.035166
0.0354322
0.0357401
0.0351261
0.0341224
0.037396
0.0342061
0.0336854
0.0356313
0.0341642
0.0367128
0.0357451
0.0342735
0.0344685
0.0366427
0.0333684
0.0362284
0.0374964
0.0334489
0.0335193
0.0375706
0.0342312
0.0380367
0.034202
0.0344216
0.0366834
0.0341001
0.035783
0.0366067
0.0347085
0.0354009
0.0361498
0.0371211
0.0376596
0.034589
0.0381202
0.0336913
0.037832
0.0393028
0.0356003
0.0376156
0.0349138
0.0383748
0.0362856
0.0379268
0.0366574
0.0366697
0.0365101
0.0365821
0.0367478
0.0383789
0.0343086
0.0385558
0.0381994
0.0390148
0.0352022
0.0364141
0.0379008
0.0383753
0.0389482
0.0383748
0.0360531
0.0410071
0.038248
0.0398559
0.0430747
0.0366732
0.0397959
0.0396884
0.0410021
0.0411728
0.038335
0.0407343
0.0385197
0.0458558
0.0369119
0.0423856
0.0401903
0.0427838
0.0425547
0.0423668
0.0454623
0.0422219
0.0392477
0.0462103
0.0437766
0.044697
0.0408279
0.0467309
0.0399698
0.04708
0.0426256
0.0474778
0.0443487
0.0477
0.0464404
0.0474106
0.0508077
0.0453676
0.0464136
0.0506409
0.0502008
0.0479374
0.0480222
0.0492019
0.0539892
0.0468074
0.0503173
0.0456275
0.051074
0.0547319
0.0504951
0.0501102
0.0496635
0.0526888
0.0494843
0.0491302
0.0490192
0.0491756
0.0458016
0.0440159
0.0422133
0.0481588
0.0434129
0.0449195
0.0415556
0.0499055
0.0402754
0.0453937
0.0458354
0.0454123
0.0450462
0.0449056
0.0434676
0.0420369
0.0474051
0.0414545
0.0463812
0.0446758
0.0451538
0.0446375
0.0443427
0.0441903
0.0437132
0.0454541
0.0400447
0.0467652
0.0409824
0.0436691
0.0422884
0.0458946
0.041855
0.0424621
0.0425534
0.0400134
0.0430411
0.0430648
0.0397335
0.0413874
0.0428178
0.0372525
0.0446322
0.0393479
0.0438563
0.037101
0.0377663
0.0378565
0.038565
0.0392138
0.038496
0.0397925
0.0360742
0.037167
0.0382107
0.0372441
0.0412304
0.0367075
0.0404816
0.0342587
0.040737
0.03694
0.0377599
0.0409859
0.0382977
0.0386109
0.0350461
0.0402336
0.0372667
0.0367957
0.0386982
0.0385284
0.0393241
0.0381229
0.037866
0.0428768
0.0409785
0.0400116
0.0423944
0.0391993
0.0456933
0.037446
0.0427829
0.0428509
0.039301
0.0448375
0.0413291
0.0427695
0.0448552
0.0413354
0.0415194
0.0452594
0.0415499
0.0462123
0.0411287
0.0445539
0.0430384
0.0420436
0.0445
0.0430895
0.0434472
0.0428406
0.0417767
0.0439239
0.0415271
0.0456881
0.0411283
0.0415956
0.0403027
0.0414594
0.0414664
0.0418738
0.0405821
0.0416526
0.0416834
0.0385584
0.0432042
0.0368297
0.0403953
0.0401872
0.0340203
0.0409775
0.0384555
0.038834
0.0354809
0.0378549
0.0358277
0.0393399
0.0376407
0.0355201
0.0365835
0.0358004
0.035141
0.0363921
0.0322751
0.0326628
0.0359669
0.0338866
0.0344538
0.0363975
0.0312818
0.034803
0.0338866
0.0341121
0.0331047
0.033128
0.0346396
0.0326753
0.0347601
0.035126
0.0311709
0.0364301
0.0337434
0.0355827
0.0350998
0.0354585
0.0355286
0.0379894
0.0340601
0.0354458
0.0386362
0.0360717
0.0379433
0.0374385
0.0357852
0.0364076
0.0389035
0.0359543
0.0407607
0.0357577
0.0407122
0.0408685
0.0423086
0.040799
0.0424907
0.0446189
0.037502
0.0480315
0.0431939
0.0426325
0.0454718
0.0435611
0.049312
0.0468207
0.046215
0.0433891
0.0485517
0.0448611
0.0476244
0.0466599
0.0509596
0.0452247
0.0500435
0.0496424
0.0495297
0.046413
0.0482125
0.0494356
0.0494144
0.0451545
0.0507436
0.0496649
0.0462177
0.0460737
0.0495675
0.0505246
0.0466122
0.0427571
0.0480039
0.04776
0.0476967
0.0469165
0.0443063
0.0472115
0.0452575
0.045503
0.0467527
0.0466915
0.0457456
0.045374
0.0461945
0.042676
0.0466269
0.0431848
0.0440789
0.0455288
0.0401322
0.046423
0.0398261
0.0424911
0.0425308
0.0416911
0.0398228
0.0393028
0.0401408
0.0370872
0.0378197
0.038345
0.0382136
0.0346814
0.0357632
0.032322
0.0344581
0.0342992
0.0321035
0.0294958
0.031615
0.0303706
0.0285744
0.0255997
0.0304302
0.0272452
0.0236231
0.0260843
0.0294353
0.0289411
0.025343
0.022444
0.0283999
0.0270205
0.0237373
0.0255957
0.0274223
0.0227533
0.027153
0.0245551
0.0253927
0.0233806
0.0260788
0.0253626
0.0240131
0.029572
0.0251375
0.0268472
0.0268247
0.0210662
0.0267768
0.0234342
0.0245018
0.0249014
0.0268273
0.0245975
0.0289308
0.0253139
0.0274636
0.0318695
0.0299306
0.029824
0.0312112
0.0317285
0.0322473
0.0291323
0.0316032
0.0336406
0.0303885
0.0319308
0.0328464
0.0365413
0.0360512
0.0357747
0.0319479
0.0363853
0.036281
0.0379406
0.0357031
0.0374758
0.0387914
0.0402046
0.0363464
0.0408057
0.0396674
0.0410069
0.0429116
0.046984
0.0422189
0.050116
0.0443311
0.04875
0.0483046
0.0482412
0.0447591
0.0479889
0.0495554
0.0503505
0.0522884
0.0493557
0.0446799
0.0514131
0.0508696
0.0486961
0.0538301
0.0495066
0.0506868
0.049252
0.0495814
0.0497581
0.0525735
0.0474014
0.0481855
0.0524044
0.0494718
0.0487078
0.0526856
0.0502702
0.0463038
0.0538388
0.0462806
0.0492885
0.0489903
0.0491
0.0479908
0.0500874
0.0443262
0.0532502
0.0455301
0.0478506
0.0505572
0.0433329
0.0510082
0.0490382
0.0432943
0.047481
0.0461522
0.0489911
0.0465062
0.0488292
0.0447957
0.0466141
0.0466093
0.0459074
0.0461032
0.0452825
0.0473149
0.0438796
0.0465443
0.0439122
0.0441674
0.0435147
0.0424661
0.0458572
0.0411372
0.0426451
0.0446129
0.0399358
0.0408346
0.0416323
0.0400256
0.0407343
0.0409334
0.0440539
0.0388437
0.0401862
0.0381612
0.0374413
0.0375422
0.0358756
0.0391784
0.0386817
0.0384201
0.0375132
0.039744
0.0356152
0.036708
0.037431
0.0411377
0.0395701
0.0385396
0.0362544
0.040843
0.0401891
0.0395543
0.0395672
0.0398935
0.037897
0.0398519
0.0394318
0.037441
0.0422909
0.0393489
0.0416043
0.0406237
0.038681
0.0440601
0.038708
0.0426552
0.0394302
0.0425895
0.0428193
0.0396209
0.0413082
0.0440017
0.0428599
0.0411823
0.0443606
0.0414073
0.0455537
0.0446805
0.0416787
0.048326
0.0443606
0.0411948
0.0463451
0.0422331
0.0459231
0.0453791
0.0476484
0.0399499
0.0481962
0.041069
0.0443938
0.0452345
0.0476489
0.0423646
0.0454427
0.0428644
0.0451264
0.0428956
0.0430003
0.0456132
0.0425875
0.0413673
0.0453853
0.0436353
0.0440296
0.0425018
0.0399929
0.0459393
0.0421424
0.0399263
0.0424792
0.0440718
0.041339
0.0397694
0.0444609
0.0398794
0.0398003
0.0420888
0.0401044
0.0429587
0.0387157
0.0425554
0.0380089
0.0450899
0.0365851
0.0399467
0.0377048
0.0383461
0.0394732
0.0433546
0.0393985
0.0400881
0.0403754
0.038221
0.0413822
0.039058
0.0410601
0.0399481
0.037514
0.0392989
0.0409429
0.0378469
0.0398608
0.0304687
0.0413424
0.0383537
0.0364112
0.0404454
0.0423557
0.036772
0.0399486
0.0399729
0.0397166
0.0375847
0.0409659
0.0369563
0.039548
0.0450544
0.0371881
0.0395973
0.0403975
0.0414583
0.0398579
0.038662
0.0398146
0.0415275
0.0424005
0.042934
0.0411701
0.0422377
0.041353
0.0409566
0.0439411
0.0394901
0.0462351
0.0403879
0.0397472
0.0428093
0.0406841
0.0423015
0.0429385
0.0407478
0.0440794
0.0404069
0.0398867
0.0461473
0.0409468
0.0400543
0.0413522
0.0457737
time between points =  0.002sec;      number of points = 7439
surface displacement (cm)
