0.00310791
-0.00221824
0.00302366
0.00667983
0.00784103
0.0146957
0.00456825
0.0139322
0.00304116
0.00260859
0.00581331
0.00862843
0.0087227
0.00460014
-0.001892
0.00536461
0.00805331
0.0074754
0.00608693
0.00812662
-0.00668022
0.00783215
0.00285229
0.0124682
0.00217926
0.00944354
-0.00316201
0.00151747
0.00470008
0.0167543
0.00399566
0.00792237
0.00778907
0.00614794
0
0.010642
0.00356406
0.00151575
0.00311491
0.0144807
0.00569345
0.0106183
0.00788425
0.00899219
0.00911802
0.00640268
0.0122725
0.00653134
0.013849
0.00464341
0.01018
0.00525526
0.0108998
0.00444856
0.00774062
0.00897056
0.00456048
0.0111166
0.00257958
-0.000735589
0.00980035
0.00585937
0.0108616
0.00399924
0.0123904
0.00458394
0.00652405
0.0065743
0.00630032
0.012275
0.00295744
-0.00073773
0.012495
0.00466328
0.00873741
0.00151274
0.0140186
-0.000408471
0.00111017
0.00274034
0.00163796
0.0138588
0.0022485
0.0122519
0.00894148
0.0080188
0.00704865
0.00781202
0.00635725
0.00117553
0.00886405
0.00293823
0.0125339
-0.00778268
0.00449909
0.00279793
0.00457374
-0.00458785
0.00852678
0.00186417
0.00139209
0.00765476
0.00689637
0.0079613
0
0
0.00943135
0
0.00283408
0.00329941
0.00816678
-0.00169263
0.00881238
-0.000640125
0.00148679
0.00209677
0.0106449
0.00475239
0.00305885
0.00471444
0.0107143
0.000355524
-0.00325783
0.00805572
0.0013271
0.0124631
-0.000201637
0.0123757
0.00174709
0.00619424
0
0.00763716
0
0.00532064
0.009767
0.00508384
-0.00449949
0.0100916
0.00345161
0.00453359
0
0.0101948
0.009212
0.00609307
0.00309348
0.00708353
0.00465405
-0.00305823
0.00334511
0.00721858
0.0124269
0.00481515
0.00763449
0.00317796
0.00769836
-0.00102374
0.0111992
0.00698088
0.00618702
0.00029575
0.0101273
0.00319251
0.00485083
-0.00164786
0.00896074
0.001701
0.00447468
0.0121597
0.00731605
0.00756889
0.00477451
0.00287652
0.0106157
0.00611378
0.00420338
0.00631185
0.0104178
0.00165448
0.00607284
-0.00324367
0.0107068
0.00439076
0.00455677
0.0077114
0.0104705
0.0113201
0.00611234
0.00442943
0.00242567
0.00941141
0.0013843
0.00752607
-0.00149892
0.00604826
0.00452582
0.0022645
0.00958634
0.0109546
0.00486419
0.00825444
0
0.0109708
0.0045414
0.00664094
0.000139122
0.0045414
0.0154553
0.00533012
0.00592656
0.00140415
0.00781858
0.00859972
0.00785128
-0.00143367
0.00830849
0.00395875
0.00830919
-0.00137593
0.0110481
0.00441089
0.010775
0.00124123
0.00645707
0.00298635
0.00971888
0.00641668
0.00180979
0.00773985
0.00749282
0.0092406
0.00850844
0.00461209
0.00462882
0.00591458
0.008227
0.00320491
0.00790907
0.00146342
0.00983422
0.00217081
0.00886109
0.00759482
0.013532
0.0031022
0.00764676
0.0015414
0.0104976
0.00307523
0.00615669
0.00316844
0.00191395
0.0166847
0.00322413
0.0076623
0.00245888
0.0109719
0.00294337
0.00159089
0.00272135
0.0122436
0.00669083
0.00828109
0.00315985
0.00455385
0.0124701
-0.00145419
0.00739949
0.0108593
0.00625896
0.00635408
0
0.0107727
0.00769845
0.00649281
0.00432661
0.00757023
0.00629041
0.00186913
0.00557148
0.00468373
0.0104893
0.00127984
0.00968844
0.00450626
-0.00309729
0.00770442
0.010671
0.00632032
0.00417971
-0.00190756
0.00308118
0.00940072
0.00150502
0.00483622
0.0154398
0.00153975
0.00460031
0.00545168
0.00621606
0.00262936
0.000586646
0.0139155
0.00320399
0.00762828
-0.00160723
0.00768937
0.01218
0.00970589
0.00736738
0.00310725
0.00205788
0.0108183
0.00528455
0.0018043
0.012564
0
0.00330912
0.00145849
0.00473423
0.00923866
0.0146294
0.00675458
0.00302036
-0.000142417
0.00533189
0.00778273
0.0091614
0.00953682
0.000607525
0.00887955
0.00652916
0.0059777
0.00681627
0.00908641
0.00187574
0.0107649
0.00559767
0.00778807
0.0122298
0.00027468
0.00114467
0.00768617
0.00725624
0.0103349
-0.00153729
0.000153496
0.00457696
0.0121864
0.00425847
0.00918186
0.00155186
0.00395543
0.009521
0.0120438
0.00308102
0.00111328
0.0107916
0.00316713
0.0154412
0.00418553
-0.00235772
0.0126895
0.00896481
0.00299689
0.00292128
-0.00177471
0.00785849
0.0072634
0.00761957
0.00438408
0.00294016
0.0035969
0.0124189
0.00477249
0.00165981
0.0110079
0.00610457
0.00785603
0.00305152
0.00869371
0.00953382
0.00755869
0.00450779
0.00312682
0.0106425
0.000697415
0.00503862
0.0103032
0.00646951
0.00905947
0.00688464
0.00928336
0.0076107
0.00453002
0.00199531
0.00936808
0.01563
0.004694
-0.00739511
0.0169003
0.00578734
0.00638683
0.00321603
0.0154086
0.00139209
-0.00391882
0.00759096
0.0100538
0.00474126
0.0164332
0.00790531
0.00762356
0.0136176
0.00520641
0.01298
-0.000260561
0.00561812
0.00845086
0.00935114
0.0125636
0.00787542
0.00798048
0.012273
0.00473455
0.00472756
0.013319
0.00158363
0.00611181
0.00770605
-0.00381561
0.0060612
0.0169959
0.00654588
0.00357873
0.0140368
0.00292182
0.0139681
0.00797953
0.00603153
0.00937745
0.00443526
-0.000259261
0.00295153
0.015867
0.00131885
0.0115238
0.0111308
0.00774023
0.00830444
-0.00159888
0.00641788
0.0105997
0.00595522
0.0138466
0.00777891
0.00417873
0.00415181
0.0110698
0.00296475
0.0154746
0.0132397
0.00948242
0.00930136
0.00865593
0.00709072
0.0169162
0.00771741
0.012088
0.00969735
0.00600662
0.0139395
0.0116016
0.0111736
0.00917948
0.00887243
0.00686546
0.0122377
0.00155575
0.0138984
0.0102879
0.00148706
0.00611385
0
0.00937856
0.0107488
0.0062489
0.00771509
0.0158672
0.00679818
0.0126547
0.0015185
0.0168551
0.00485604
0.00454547
0.00793875
0.0149713
0.00322319
0.00444151
-0.00192648
0.00927466
0.0109836
-0.00154721
0.0103155
0.012347
0.00502039
0.0122535
0.00179971
0.00144225
0.00575385
0.00475269
-0.00209423
-0.00239638
0.00607533
0.0121589
0.0117347
0.00770124
0.0107872
0.000158237
-0.00711909
0.00926005
0.0138473
0.00723291
0.0153349
0.0016507
-0.0063283
0.00147756
0.00682349
0.00633214
0.00525288
0.0109652
0.00396618
0.0104017
-0.00419263
0.00245794
0.0122743
0.0124078
0.00606223
0.00834434
0.00323531
-0.00302339
0.00593907
0.00982087
0.00934399
0.00924076
-0.00472152
0.00663283
0.0106173
-0.00297285
0.00297296
0.007254
-0.000268223
0.00621685
0.00443615
0.00174762
0.00624097
0.0124145
0.004671
0.0118211
0.0101614
0.0107269
0.0057153
0.0105552
-0.00141696
-0.000471351
0.00465546
-0.0018406
0.00606489
0.0108183
0.00149176
-0.00222758
0.0092268
-0.00291738
0.00952914
0.00930916
0.00436945
0.00617315
0.00938815
0.0141219
0.00311599
0.0137323
0.00521665
0.0137443
0.0138367
0.00788151
0.00603394
0.00286486
0.00631063
0.00467996
0.00228331
0.0122539
0.00162393
0.000558996
0.00621979
0.00299202
0.00813419
0.0108344
0.0055109
0.00451903
0.018517
0.00945771
0.00780254
0.012529
0.00619804
0.0102885
0.0120296
0.00807812
0.00137089
0.00442602
0
0.012528
0.00452241
0.00524609
0.00985966
0.000572346
0.0055692
0.012266
0.0154032
0.00465722
0.00915605
0.00669402
0.00897573
0.0137556
0.0156273
0.00175677
0.0140917
0.00295612
0.0042068
0.0162717
0
0.0045328
0.00790358
0.00592575
0.00322514
0.0123099
0.00930863
0.00467606
-0.00271887
0.00300615
0.00833814
0.00450225
0.00795244
0.00878016
0.00410318
0.0108375
0.0106283
0.00306366
0.00268483
0.00298892
-0.0030832
0.00755146
0.00516757
0.0108768
0.00465592
-0.000671051
0.0102367
0.00632045
0.00769389
0.00298748
0.00200802
0.0169438
0.00504452
0.0107701
0.0104021
0.0014177
-0.00168406
0.00932682
0.00399924
0.0035027
0.00600157
0.00605797
0.00457276
0
0.00156352
-0.00341954
0.00495066
0.0145586
0.00770567
-0.000313195
-0.000144768
0.0106704
0.00981792
-0.00306553
0.0108381
0.00455111
0.011209
0.0094194
-0.000113939
0.00763492
0.00155568
0.00971771
0.00665621
0.00441942
0.00636519
0.00789492
0.00491525
0.0035588
0.00467052
0.0101436
0.00925901
0.00634319
0.0109931
-0.00143417
0.0169548
0.000131719
0.0138413
0.00449182
0.000205608
0.0171556
0.00436503
0.00380316
0.00309348
0.00785131
0.00913554
0.0061008
-0.000296596
0.00796906
0.0101532
-0.00115256
0.00294713
0.00923254
0.00718475
0.0155923
-0.00172423
0.00143289
0.00159831
0.0049646
0.0168837
0.0109619
0.00264307
0.000101724
0.0070906
0.0125207
0.00551179
-0.00147462
0.00481872
0.00620297
0.00284246
0.0143209
-0.00266349
0.00643587
0.00278291
0.00763844
0.0161026
0.00495778
0
0.00887879
0.00923275
0.00327138
0.0152758
0.00931958
0.000223987
0.00313524
0.0064071
0.00756638
0
0.00486135
0.0111703
0.00147317
0.00101429
0.0103468
-0.00352502
0.00581467
0.00932691
0.0074184
-0.000191074
0.00467111
0.00881933
0.00635314
0.0031238
0.00637039
0.00604431
0.00499827
0.00618693
0.00769735
0.0153614
0.00365114
0.00155568
0.00916483
0.00888946
0
0.00832144
0.00826026
0.00217815
-0.000227402
0.0154015
0.00600742
-0.00314611
0.010159
0.0135315
0.0046371
-0.000922054
0.00976049
0.0140513
0.00296377
0.000252266
0.00774691
0.0140493
0.00300718
0
0.0134949
0.00723657
0.0017812
0.0101305
0.00897238
0.00298724
0.00811326
0.00826251
0.00919348
0.00289995
0.0059842
0.00710698
0.0142455
0.0029501
0.0014168
0.0101326
0.0122823
0.00292802
0.00165023
0.0105053
0.0106685
0.00659783
0.000760457
0.011213
0.0123392
0.00763016
-0.00157898
0.0116536
0.0124409
0.00608382
0.00311927
0.00479336
0.0127683
0.013933
0.00296428
0.00204088
0.00906162
0.0139994
0.00282188
0.00359404
0.0103584
0.0139549
-0.000250248
0.00796045
0.00770442
0.00751525
0.00636947
0.00373391
0.00779466
0.00584428
0.011996
0.00327729
0.00721001
0.0121197
0.00611506
0.00715259
0.00332928
0.0060274
0.0137996
0.00697779
0.00168667
0.00677509
0.0100719
0.0103908
0.00651709
0.00176286
0.00774504
0.0140338
0.00776116
0.0050793
-0.000226902
0.0133227
0.00918811
0.00489785
0
0.0136334
0.0109586
0.00597115
0.00175254
0.00765364
0.00785947
0.0107358
0.00831323
0.00159862
0.00459189
0.0125498
0.00349714
0.0046376
0.0047066
0.0124263
0.0204696
0.00484447
0.000984047
0.00636169
0.0133168
0.0109186
0.00173602
0.00136457
0.0149089
0.0111078
-0.00147018
0.00714605
0.0116527
0.00915003
0.00790958
0.00551379
0.00463649
0.00499402
0.00893338
0.00377597
0.0060945
0.00601765
0.0125207
0.0031488
0.00479469
0.00778832
0.00314491
0.00568533
0.006583
0.00580849
0.0113171
0.00377045
0.00817876
0.0155069
0.00929903
0
0.0127482
0.0124343
0.00940964
0.00321791
0.0079011
0.0107048
0.0046873
0.00311517
0.0181444
0.0058149
-0.000129392
0.00283413
0.016799
0.00811254
0.00638364
0.0111619
0.00592799
0.00486696
0.00796993
0.0168168
0.00976365
-0.00356708
0.0144024
0.0113948
0.00911757
0.000190157
0.00413167
0.012226
0.00471433
0.00786479
0.00832299
0.0129368
0.00923866
0.00927755
-0.000359256
0.00627457
0.0162992
0.00925206
0.00371017
0.0156783
0.0107993
-0.00313009
0.0094718
-0.000426066
-0.00148174
0.0137478
0.0105783
0.00618693
0.00466015
-0.00170904
0.00711177
0.0136618
0.00967079
0.00937004
0.0122587
0.00149163
0.00151023
0.0109094
0.00535508
0.0203976
0
-0.00450283
0.00812267
0.00239505
0.0105962
0.00330972
0.009389
0.01066
-0.000142842
0.00676138
0.00466133
0.00303784
0.0124205
0.00993403
0.0110544
0.00929156
0.00621631
0.010069
0.00945828
-0.00153605
0.0125124
0.0094461
0.00653893
0.0135064
0.00243092
0.00231291
0.00359691
0.0138294
0.0108252
0.00369009
0.01242
-0.000369043
0.00133569
0.0099941
0.00481267
0.0140266
0.00179862
0.0184874
0.00968502
-0.000135228
0.00796067
0.00189095
0.00328164
-0.000424923
0.00782627
0.0134131
0.00268272
-0.00207971
0.0038745
0.0182677
0.00473197
0.00602702
-0.00319887
0.00728813
0.0106574
0.00617366
0.013389
0.00773199
0.00762738
0.00195317
0.00369287
0.0105934
0.00771996
0.00936506
-0.000992015
0.00932817
0.00604858
0.00640431
0.00234939
0.006189
0.0107828
0.00801923
0.00826163
0.00743876
0.00891608
0.000363192
-0.000588859
0.00761858
0.0095128
0.0123626
0
0.00448567
0.00965039
0.0123242
0.000343918
0.00429622
0.00409268
0.00260025
-0.00343127
0.00525404
0.0123487
0.00218015
0.00871847
0.0128666
0.00918319
-0.00228267
0.00584234
0.00122528
0.0111153
0.00556582
-0.00611068
0.00761217
0.00644073
0.0091586
0.0091739
0.00312469
0.00805312
0.00953693
-0.00121404
0.00317641
0.00301439
0.00195684
0.0093293
-0.00154199
0.0103454
0.0108646
0.00777687
0.00306613
0.00624292
0.00484545
0.00171031
-0.00169359
0.00610178
0.012115
0.00474509
0.00156307
0.00764624
0.00633667
-0.00289268
0.0073647
0.00835584
0.0129215
-0.000185751
0.00624971
0.00470168
0.00316874
0.00932095
0.00468191
-0.00016593
0.00563029
0.0019972
-0.00341602
0.00314012
0.00614113
0.014259
0.00593376
-0.00153605
0.0122097
-0.00159251
0.00616982
0
0.00400378
0.00324293
0.00327001
0.010743
0.00798758
-0.00321116
0.00618622
0.00670399
0.00157653
0.00903678
0.00141465
0.00842778
0.00421787
0.00790514
0.00643324
0.00382935
0.0108846
-0.000597028
0.00808976
0.0073672
0.00513221
0.00158438
0.00151666
0.00992275
0.00448292
0.00130335
0.00135822
0.00634482
0.00646215
0.0044986
0.0015362
0.00835703
0.00310894
0.00695917
0.00769002
0.00143907
0.00761054
0.00518243
0.00143052
0.00237251
0.00909481
0.0109274
0.0092939
-0.00513091
0.0140072
0.00177426
0.00142968
0.00323468
0.00614277
0.00455029
-0.0027657
0.0079253
0.00766903
0.0111672
0.00796906
-0.00204848
0.0107707
0.00521921
0.000388194
0.0153884
-0.000454461
0.0174695
0.00504694
0.00324025
0.0108803
0
0.00845233
0.00340435
0.0139322
0.000932993
-0.00256581
0.00791064
0.00294879
0.00932129
0.000174391
0.0074968
0.00656994
-0.00127736
0.00229855
0.00926635
0.00404962
0.00644395
0.00625784
0.0141282
0.00612681
0.000132567
0.00481275
0.00777592
0.00620887
0.000172347
0.00490675
0.00352946
0.00477205
-0.00158022
0.0117466
0.0108422
0.00642611
-0.00167257
0.0145194
0.00385268
0.0125635
0.00342059
0.0109587
0.0102825
0.0106391
0.0051114
0.00351033
0.00160649
0.00780073
0.00704718
0.00300005
0.00325625
0.00921521
0.0109869
0.00653402
-0.00172883
0.00792489
0.00643796
0.0167381
0.00150071
0.00158663
0.00791884
0.0168321
0.011465
0.00320887
0.0108296
0.00903944
0.00142888
0.00189127
0.0101917
0.00898339
0.00607826
0
0.000755406
0.0092406
0.00660946
0.00480565
-0.00383785
0.00655849
0.0126862
0.0167768
0.00771019
0.00660353
0.00815876
0.00928882
-0.0040636
0.00914671
0.00630404
0.00795334
0.000814299
0.00669092
0.0102651
0.00278114
-0.00289793
0.00310916
0.0126584
0.0030748
0.00711083
0.0169544
-0.00275605
0.00938009
0.00825391
0.00171851
0.0038106
0.0175322
0.00459683
0.00150029
0.00193438
0.0120203
0.0106865
-0.00312536
0.00652829
0.0132655
0.00748589
-0.0111434
0.0060419
0.0135765
0.00303749
0.01454
0.00458484
0.0093985
-0.00135344
0.00651806
0.0169283
0.000736602
0.0144962
0.00471371
0
0.00584745
0.00956846
0.0124531
0.00448559
0.00313725
0.00433078
0.00111749
0
0.00872892
0
0.0167333
0.00360383
-0.00345516
0.00797986
0.00182127
0.00759143
0.00688652
0.000916674
0.0052259
0.00636982
0.000332491
0.00972581
0.00137573
0.0014325
0.00563414
0.00579565
0.00465202
0.0095128
0.00364519
-0.00155358
0.00475788
0.00956429
0.00922186
0.0124652
-0.00152612
0.00307523
0.00586197
0.00297508
0.0118617
0.00179678
0.00324162
0.00982402
0.0123321
0.0129103
0.00772215
0.000165295
0.00438586
0.00976849
0.00606258
0.00172643
0.00949573
0.0055246
0.0138825
0.00950906
-0.00156492
0.0117629
0.00335373
0.00953442
0.00927524
-0.00174841
0.00475986
0.0070809
0.0167025
0.00385061
0.00651071
0.00772463
0.00553197
0.00860869
0.00950843
0.00760571
0.00618693
0.00828808
0.00306401
0.000122585
0.0157711
0.00490581
0
0.0127855
0.0108904
-0.00240932
0.00628842
0.00995042
-0.000891237
0.00658885
0.0159006
0.00308202
-0.00120063
0.0162977
0.00889131
0.00115917
0.00780891
0.0143008
0
0.000268022
0.0167049
0.00793375
0.00170368
0.00460763
0.0106377
0.00482125
0.00788093
0.00946617
0.00720709
0.00766795
0.0112115
0.00780806
0.00460562
0.0095521
0.00767717
0.00550314
0.0103668
0.00463655
0.00653099
0.00155662
0.00879258
0.010776
0.0034907
-0.00138116
0.0151141
0.0138666
0
0.00798284
0.0132867
0.00485546
0.00474562
0.0176273
0.00579447
0.00638215
0.012517
0.00764639
0.00347433
0.00411492
0.0174903
0.00631949
-0.00331104
0.00361295
0.00922274
0.00774716
0.00809732
0.00467841
0.0138315
0.00918935
0.00608577
0.0130159
0.00308202
0.00641216
0.0154779
0.00483032
0.00655536
0.00971784
0.0113496
-0.00175443
0.0035771
0.00764933
0.00925484
0.0079011
0.00617837
0.00707192
0.00650712
0.00755638
0.0111161
0.00544095
0.0141218
0.00598518
0.0108978
0.00721725
0.000918222
0.0127243
0.0122469
0.00146875
0.00505267
0.00825895
0.00766866
0.00665191
0.00759857
0.00308196
0.00292972
0.0133369
0.00796906
0
0.0156156
0.0102022
0.0031929
0.0124294
0.00929633
0.00941162
0.0189743
0.00287318
0.00158026
0.0158068
0.00933702
-0.00149586
0.00266202
0.0169288
0.00330561
0.000399949
0.0101697
0.00933768
0.00790958
0.00472175
0.00536841
0.0108155
0.00347486
0.00779817
0.00970588
0.00336895
0.0123967
0.00599944
-0.00434134
0.0141877
0.00753181
0.00220897
0.0101201
0.0038228
0.00271076
0.0015895
0.0108938
0.00787875
-0.00320549
0.0095391
0.0112651
-0.0015366
0.00814647
0.00534982
0.00898101
0.000489393
0.0110518
0.00468955
0.000392995
0.0112314
0.00467582
0.00797558
-0.00359352
0.00310894
0.0145201
0.00185436
0.000466897
0.0019098
0.00187758
0.0137873
0.0034416
-0.00428209
0.0122816
0
0.00388138
0
0.00717266
0.0138114
0.00305885
0.00197907
0.0122911
0.004671
0.00506137
0.0123175
0.00176541
-0.0035178
0.0135682
0.006145
-0.00107244
0.00971809
0.01508
0.0030748
0.00636914
0.00383708
0.00922353
0.0128861
0.00132928
0.00775009
0.00703126
0.00337625
0.0109789
0.00365172
0.0124194
0.00183178
0.00150502
0.016496
0.00633214
0.00958317
0.00174796
0.00865722
0.0109708
-0.000249613
0.00782433
0.00809299
0.01113
0.00778603
-0.00138065
0.00856964
0.00889493
-0.00131864
0.0117916
0.00504014
0.0125633
0.00465909
0.0055221
0.00779296
0.00880333
0.00476216
0.00821933
0.00412988
0.0155766
0.00034684
0.00597421
0.00774894
0.00783466
0.00792028
0.00148838
0.0118992
0.00940333
0.00126969
0.0105419
0.00828091
0.012007
0.00152938
0.00683088
0.00812772
0.00647306
0.0112261
0.00509902
0.000474618
0.0139676
0
0.00300384
0.00773159
0.00626106
0.00793257
-0.00381669
0.0092889
0.0124351
0.00202391
0.0122261
0.000666102
0.000243153
0.0113308
0.0164324
0
0.00641321
0.00628885
0.0133802
-0.00305901
0.00839259
0.00766587
-0.00570796
0.0159174
0.00477288
0.00286985
0.00361032
0.00332458
0.0187922
0.00298715
-0.000641621
0.00357882
0.00305532
0.0105645
0.0049067
0.0047444
0.0108004
0.00790808
0.0113687
-0.00221446
0.00899297
0.0153269
0.00155615
0.00454155
0.00348263
0.0138702
0.00157883
0.00156842
0.0109188
-0.0034802
0.00773305
0.0094348
0.00162171
0.00669675
0.0138675
0.00504496
-0.000194644
0.0147839
0.00803814
0.0095731
-0.00202314
0.00526193
0.0113079
-0.00140845
0.00731982
0.00856047
0.00938463
0.00644147
-0.000159058
0.0103836
0.00972409
0.00751585
0.00263765
0.00237859
0.0121869
0.00631321
0.0107737
0.00149437
0.00148761
0.00327796
0.00685319
0.00135398
0.00294511
0.00359681
0.0169693
0.00443408
0.00344729
0.00633696
0.00592529
0.00903144
0.0079613
0.00159773
0.00637898
0.00338915
0.00939741
0.00437353
0.00171139
0.00344729
0.00760983
0.00952135
-0.00112846
0.00573332
0.00455029
0
0.0138175
0.0016061
0.010597
0.00341366
-0.00468599
0.0125135
0.00306201
0.00221392
0.00340492
-0.000214002
0.0133965
0.00217556
-0.00260818
0.00239895
0.00340388
0.00448622
-0.00151324
0.00903144
0.000748419
0.00204755
0.00272009
0.00298892
0.00936374
-0.000100646
-0.00481271
0.000231158
0.00754767
-0.00314073
0.00125831
0.0061896
0.00539361
0.00761458
-0.00119995
0.00668397
-0.00066665
-0.00290211
0.0149071
0
0.00150013
0.00125442
0.00263471
0.00778145
0
0.00628531
0.00730107
0
0.00745488
0.000345743
0.00244694
0.000172898
0
0.00497316
0.00316771
0.00927899
-0.00134039
-0.00300047
0.00287854
0.00459214
0.0094727
0.00615142
-0.00377865
0.00727272
-0.00161109
0.00546363
0.00376777
0.00497667
0.00631712
-0.00176073
-0.000908749
0.00629114
-0.00147509
0.0063122
0.00366107
-0.00348286
0.0102449
0.00037244
0.00472385
0
0.00483953
0.00634648
-0.00176182
0.00411198
0.00716708
0.00452582
0.00455608
0.000278196
0.00470255
0.00293476
0.00437836
0.0046837
0
0.00915438
0.00124597
0.000436783
0.00739683
-0.00629168
0.00761823
0.000500697
-0.00302295
0.00299513
0.00886435
0.0103509
0.00140857
0.00339258
0.0016606
-0.00144873
0.0124659
0
0.00695905
0
0.00475389
0.00618043
-0.00197965
0.00248028
0.011412
-0.00297637
0.00600244
-0.000760859
0.00476083
0.00105506
0.0106919
0.00496552
0.0023856
0.00260126
0.00207307
0.0029631
0.00145543
0.00406866
0.0078146
0.0063711
0.0030416
0.000129767
0.00497557
0.00618495
-0.0016579
0.00346043
0.00377164
0.00975239
-0.000231936
0.00330989
0.00329151
0.00145574
0.00640603
-0.000379799
0.00925955
0.000234748
0.0048402
0.00800974
0.00321229
0
-0.00125121
0.00916251
0.000346295
0.00617395
-0.00453741
0.0110967
0.00483576
0.0020444
0.00220476
0.000878393
0
0.000480249
-0.00144873
0.00667731
0.00722057
0.00211836
0.00331828
-0.00295672
0.00761823
0.00299458
0.00981489
-0.0033871
0.00617103
0.00799134
0.00458912
0.00182465
0.00721515
0.000597742
0.00323763
0.000554514
0.00473832
0.00639038
0.00789802
0.00310304
0.00151227
0.00745176
0.00514051
0.00656436
0.000103339
0.0124659
0.00325543
0.00626716
-0.00139299
0.00936562
0
-0.00443716
0.00517533
0.00553388
0.00615014
0.00511101
0.00165763
0.00612817
0.0108631
0.00332836
0.00471371
0.00317194
0.010511
0.00554956
0.00821289
-0.0015464
0.0125914
0.00218462
0.0110942
0.000197884
0.00633161
0.000282687
0.00474711
0.00948691
0.00570545
0.00334675
0.00331726
0.00314411
0.00823687
0.00956783
0.000190157
0.0106781
0.00281482
0.00939158
0.0113845
-0.00157626
0.00934093
0.00673663
0.00295131
0.0062585
0.00202204
0.0099742
0.00934094
0.00179093
0.00946008
0.00998092
0.00301944
0.00850869
0.00262386
0.00458361
0.0140433
0.00343926
0.003837
0.0147534
0.00503841
-0.00286429
0.00508838
0.00476114
0.00804741
0.0107508
0.00671938
0.00797598
0.00489898
0.00425156
0.0128104
0.0063582
0.00409738
0.0117814
0.000806399
0.0151745
0.0093843
0.00600319
0.0100672
0.00182291
0.00721221
0.0140356
0.00353762
0.00322759
0.014101
0.00619475
0.00412247
0.00907174
0.0046637
0.0113514
0.0113937
0.0046292
0.00399659
0.0129185
0.00528738
0.0107459
0.01104
0.00379505
0.00724747
0.0107478
0.00663244
0.00235688
0.0116836
0.00483182
0.00609365
0.0143648
0.00348207
0.00313413
0.0138218
0.00823804
0.00476973
0.00951799
0.0121831
0.00421262
0.00541599
0.0138512
0.00348207
0.00541161
0.0141294
0.00914678
0.00354105
0.00701497
0.0129325
0.00432041
0.0031255
0.0130452
0.00780834
0.00670251
0.00917968
0.0129294
0
0.00513985
0.00920424
0.00956582
0.00771244
0.00288058
0.014729
0.0061729
0.00476158
0.0123898
0.0098991
0.00155662
0.00801821
0.0117841
0.00644594
0.00300769
0.0137655
0.00631666
0.0055749
0.00600684
0.0143103
0.00623412
0.00345807
0.0155446
0.00618089
0.00341728
0.00947421
0.00780073
0.006075
0.00798758
0.0128208
0.00323814
0.0045572
0.0119634
0.0111712
0.00324147
0.00666931
0.010908
0.00794067
0.00335945
0.0140932
0.0123954
0.00198328
0.00643379
0.014158
0.00645943
0.00222617
0.0106862
0.00864412
-0.00116563
0.0110449
0.0125313
0.00502771
0.003525
0.011852
0.00964017
0.00308196
0.00793581
0.012837
0.0041255
0.00465143
0.0146343
0.00486334
0.0016222
0.00946008
0.0128635
0.00338758
0.00363251
0.0149347
0.00495325
0.0025674
0.0062335
0.0218247
0.00753091
0.017129
0.0336298
0.0269095
0.0146797
0.01714
0.0188892
0.00176487
0.00789429
0.0189855
0.0123844
0.00917214
0.00923096
0.00791056
0.00479864
0.0134514
0.00958909
0.00451761
0.00794025
0.0028776
0.0126
0.0140109
0.00614049
0.00528531
0.0131122
0.00974822
0.00633639
0.016933
0.0126861
0.00321296
0.015725
0.0105547
0.00513286
0.0170136
0.00960025
0.0116225
0.0135834
0.00802102
0.018276
0.00639916
0.0109119
0.0141133
0.00885522
0.014293
0.0144984
0.00552186
0.0184408
0.00849527
0.0140422
0.0159942
0.00562693
0.015303
0.0127808
0.0112108
0.0114755
0.0127373
0.0174173
0.010619
0.0168628
0.0022281
0.0128617
0.00882486
0.00803475
0.012576
0.011431
0.0132229
0.00696104
0.00827556
0.0125488
0.0163773
0.00499183
0.0188776
0.0108425
0.00819227
0.0144527
0.0122669
0.0262659
0.0260438
0.026996
0.0216918
0.0111461
0.0121274
0.00843569
0.0152704
0.00187359
0.0176521
0.0046873
0.0140615
0.0120869
0.01074
0.00625768
0.020511
0.00533012
0.00917909
0.0124264
0.0129017
0.00575108
0.0124763
0.011216
0.011135
0.00753987
0.00860385
0.0155717
0.00659726
0.0139068
0.00792659
0.0146842
0.0123653
0.00662472
0.00987763
0.0158324
0.00646658
0.00785415
0.0109577
0.0157302
0.0101606
0.0046108
0.0144656
0.00778557
0.0162837
0.0115998
0.00577685
0.0229657
0.00186914
0.0174213
0.0108357
0.0219027
0.0120291
0.0187672
0.0139939
0.0222224
0.010984
0.0169355
0.0140136
0.0189047
0.0139963
0.0168927
0.012877
0.0205725
0.0145254
0.0155472
0.0138625
0.0202963
0.0095406
0.0124491
0.014347
0.023229
0.0139002
0.0106799
0.0155774
0.0221599
0.0140477
0.0171983
0.0128388
0.0203868
0.0139921
0.0160006
0.0147677
0.0186494
0.0112512
0.0174937
0.0149055
0.0185591
0.0146202
0.0187623
0.013902
0.0159609
0.0147695
0.0185902
0.015636
0.0167483
0.014507
0.0203982
0.0127479
0.0188809
0.0187707
0.0172843
0.00794306
0.0232384
0.0148712
0.0172342
0.0158257
0.0148223
0.0170816
0.0222886
0.0124934
0.0157649
0.0190321
0.0203788
0.0140547
0.0166739
0.016407
0.0186589
0.0160169
0.0157952
0.0189704
0.0185973
0.014501
0.0158528
0.0219186
0.0185654
0.0179169
0.0208118
0.014792
0.0129363
0.0233186
0.0147074
0.020009
0.0131358
0.0252085
0.013233
0.0191312
0.0160357
0.0270086
0.0141397
0.0143184
0.022493
0.018728
0.0175901
0.0160251
0.025586
0.0161411
0.0137529
0.0198612
0.0202239
0.0155246
0.0284398
0.020739
0.0156856
0.02526
0.015668
0.0218385
0.0202398
0.0177613
0.0205132
0.0202705
0.0241472
0.0115598
0.0273402
0.0140188
0.0184064
0.0206363
0.0188083
0.0108117
0.0320979
0.0162909
0.0234443
0.0344698
0.014993
0.0291223
0.0250037
0.0289649
0.0331056
0.0280696
0.0295652
0.0388058
0.0309125
0.0341654
0.042481
0.0395149
0.04259
0.045044
0.0444684
0.0491603
0.0548878
0.0499559
0.0601422
0.0610368
0.0663399
0.0658138
0.0772969
0.0817692
0.0806434
0.0875183
0.0894308
0.100161
0.104332
0.109234
0.117464
0.118532
0.128792
0.138571
0.142508
0.152375
0.149455
0.172955
0.181617
0.1976
0.202855
0.212062
0.22161
0.222954
0.223747
0.235557
0.248504
0.260267
0.269185
0.280133
0.294634
0.309905
0.324386
0.331714
0.349227
0.360726
0.387884
0.399897
0.434417
0.456999
0.474894
0.491247
0.505797
0.523513
0.539119
0.552457
0.570459
0.586157
0.599613
0.609512
0.624434
0.634442
0.662236
0.660629
0.70071
0.711519
0.728378
0.74077
0.777482
0.790594
0.834227
0.847615
0.873525
0.908953
0.939797
0.971814
0.995595
1.02224
1.04945
1.0834
1.10543
1.13361
1.16154
1.19188
1.2218
1.24491
1.26008
1.29031
1.31394
1.32885
1.35189
1.38499
1.41542
1.43408
1.45044
1.46123
1.47187
1.47837
1.48561
1.49097
1.50893
1.50978
1.51376
1.51316
1.51285
1.51129
1.51123
1.50557
1.50628
1.49954
1.49509
1.48636
1.47057
1.45584
1.44029
1.42368
1.40395
1.38226
1.35255
1.32735
1.30239
1.27603
1.25137
1.23385
1.20392
1.17121
1.15216
1.11967
1.09542
1.07239
1.04268
1.01662
0.990645
0.956488
0.928811
0.903454
0.888624
0.854018
0.850193
0.810216
0.80042
0.786136
0.768491
0.731254
0.722024
0.70414
0.691306
0.677401
0.67273
0.650031
0.644254
0.62665
0.609998
0.59498
0.579236
0.560562
0.546603
0.526987
0.505104
0.479639
0.459974
0.455322
0.443118
0.426105
0.415861
0.410702
0.394116
0.381894
0.371895
0.359223
0.357305
0.343663
0.334463
0.331215
0.321839
0.307744
0.312543
0.301892
0.300081
0.288334
0.286071
0.283847
0.285503
0.278632
0.274865
0.276873
0.262502
0.272304
0.256912
0.258136
0.252618
0.248678
0.242628
0.240557
0.224761
0.233052
0.223346
0.230187
0.222938
0.220404
0.213169
0.208691
0.211109
0.20947
0.197291
0.201062
0.191063
0.197571
0.187927
0.187799
0.194968
0.18785
0.18609
0.190979
0.183039
0.181144
0.177513
0.177891
0.171427
0.167736
0.169771
0.169082
0.162293
0.153223
0.15822
0.149418
0.146865
0.149694
0.143373
0.147514
0.146882
0.135632
0.142417
0.140097
0.136438
0.139089
0.13419
0.136272
0.132742
0.136954
0.134569
0.133195
0.129067
0.133462
0.12504
0.132729
0.126988
0.131946
0.126185
0.12411
0.130379
0.120869
0.126128
0.12445
0.122897
0.123063
0.124504
0.118549
0.124256
0.122657
0.121431
0.116728
0.126162
0.119809
0.121491
0.120726
0.124436
0.121348
0.120918
0.12303
0.122924
0.14037
0.137866
0.144991
0.132238
0.141664
0.141327
0.13986
0.147111
0.143115
0.14299
0.144789
0.146051
0.144938
0.144903
0.14932
0.144172
0.148161
0.149447
0.140394
0.14348
0.148895
0.149726
0.146179
0.151325
0.149262
0.155149
0.157485
0.156333
0.15784
0.155805
0.15354
0.158782
0.158961
0.158559
0.155484
0.158042
0.156374
0.157426
0.152378
0.157584
0.162315
0.162402
0.1651
0.162314
0.163824
0.161681
0.166866
0.167246
0.15984
0.151798
0.152004
0.155132
0.154858
0.152346
0.152033
0.1528
0.16879
0.165705
0.164202
0.171171
0.167433
0.16543
0.165614
0.17097
0.170989
0.165694
0.165618
0.164224
0.1707
0.171174
0.167751
0.16376
0.165285
0.168856
0.166062
0.170975
0.164317
0.160894
0.17112
0.164322
0.156639
0.153011
0.159435
0.153479
0.162373
0.167349
0.154741
0.16746
0.164129
0.165817
0.162119
0.152551
0.154368
0.15614
0.156846
0.156758
0.156897
0.155011
0.155449
0.157889
0.176627
0.179415
0.178329
0.179168
0.171736
0.172444
0.173801
0.176855
0.17591
0.174899
0.179145
0.183136
0.183004
0.181276
0.191155
0.176745
0.19593
0.197466
0.173895
0.194464
0.21665
0.186023
0.215691
0.206853
0.201703
0.215666
0.220966
0.220974
0.197106
0.219613
0.226087
0.242599
0.232292
0.225665
0.232554
0.240156
0.244637
0.220815
0.227396
0.21715
0.236804
0.236103
0.238935
0.211437
0.22933
0.241317
0.232765
0.236809
0.217472
0.217026
0.227622
0.175669
0.238168
0.230043
0.228545
0.224955
0.220844
0.229922
0.239253
0.232012
0.187274
0.226008
0.236344
0.233128
0.234447
0.231971
0.215605
0.211891
0.209161
0.204344
0.202574
0.200812
0.196121
0.19321
0.190205
0.186366
0.183644
0.18005
0.171535
0.176749
0.167193
0.169376
0.16485
0.172298
0.166076
0.170297
0.165593
0.168434
0.170783
0.158923
0.170311
0.166986
0.162889
0.181204
0.156146
0.170788
0.176573
0.171973
0.161994
0.175767
0.172837
0.17399
0.172001
0.164007
0.169716
0.17779
0.173008
0.175811
0.174858
0.176028
0.172231
0.174841
0.173519
0.173727
0.174974
0.169527
0.172071
0.172653
0.166315
0.17218
0.169252
0.16765
0.169044
0.16568
0.164288
0.163328
0.161916
0.161207
0.159717
0.156626
0.154874
0.151908
0.15098
0.146494
0.141361
0.151976
0.147166
0.138258
0.144472
0.141542
0.130573
0.145659
0.132133
0.138913
0.13213
0.127425
0.13739
0.128754
0.129232
0.13373
0.123761
0.131677
0.125889
0.124004
0.127798
0.119242
0.121046
0.121855
0.120468
0.119035
0.11567
0.112082
0.11767
0.113283
0.111469
0.10905
0.107644
0.109758
0.105284
0.105154
0.10295
0.10137
0.0995288
0.102187
0.0973793
0.0975695
0.0959067
0.0966843
0.0932766
0.0970786
0.0869672
0.0937964
0.0882048
0.0918959
0.0869297
0.083865
0.085881
0.0823143
0.0882247
0.076043
0.0774526
0.0764731
0.0762076
0.0746232
0.0726307
0.0705582
0.0699313
0.0711992
0.0714745
0.0660231
0.0708222
0.0876436
0.0844312
0.0830084
0.0782701
0.0755073
0.0710216
0.0716443
0.0702913
0.0714574
0.0683125
0.0712208
0.0627348
0.0575298
0.0579441
0.05586
0.0569488
0.055827
0.0505844
0.0534549
0.052906
0.0505969
0.0587048
0.0584662
0.0628042
0.0614673
0.0474454
0.04561
0.0499113
0.0460659
0.0417652
0.0444515
0.0414312
0.042914
0.0427841
0.0398124
0.0401879
0.0376472
0.0337416
0.0370877
0.0366623
0.0329091
0.0312194
0.0306781
0.0339121
0.0293295
0.0308774
0.022951
0.0324307
0.0232861
0.0229692
0.0324852
0.0205115
0.0216937
0.0207269
0.0200242
0.0219156
0.0233446
0.0179735
0.0233855
0.0166759
0.0133743
0.017225
0.0205498
0.0108762
0.0131692
0.0185076
0.0114134
0.0128806
0.00473094
0.00639325
-0.00786386
0.0124625
-0.001728
0.00289294
0.00158938
0
0.00287207
-0.00348718
0
-0.00341341
0.00447468
-0.00150623
-0.00624817
0.0033951
-0.00336211
-0.00325572
-0.0045994
-0.00401933
0
-0.00583576
-0.0100915
-0.00504859
-0.00623928
-0.0126386
-0.00774749
-0.0107805
-0.0185422
-0.00915048
-0.00967999
-0.0108553
-0.00884541
-0.00484816
-0.0106765
-0.00705775
-0.00742998
-0.00613897
-0.00618662
-0.00740622
-0.0118252
-0.00593004
-0.00621823
-0.0110816
-0.0142789
-0.0109596
-0.0136995
-0.00873315
-0.0162014
-0.00915762
-0.0134716
-0.0122353
-0.0139099
-0.0122816
-0.0141293
-0.0139943
-0.0103096
-0.0154192
-0.0132463
-0.0138958
-0.0109185
-0.0155467
-0.0100432
-0.0156396
-0.0136568
-0.0159679
-0.0172579
-0.0171287
-0.0152675
-0.0157359
-0.0139279
-0.0141485
-0.0168123
-0.0188376
-0.0158159
-0.0171433
-0.0157097
-0.0176975
-0.0180372
-0.0155924
-0.0173812
-0.0172608
-0.0141276
-0.019527
-0.0168816
-0.0175355
-0.0144767
-0.0188166
-0.0162833
-0.0159623
-0.0175963
-0.0155605
-0.0176453
-0.0175445
-0.0220384
-0.0139408
-0.017813
-0.0211323
-0.0116205
-0.0167795
-0.0175785
-0.015481
-0.0163128
-0.0175497
-0.0135505
-0.0161894
-0.0177472
-0.0143463
-0.00957345
-0.0144336
-0.019276
-0.0149294
-0.0161195
-0.014573
-0.00177975
-0.00457365
-0.00410252
-0.000394982
-0.00560888
-0.00257473
-0.00174926
0.00911412
0.0093063
0.00783811
0.00991417
0.00411916
-0.000976642
-0.00293912
-0.00337559
-0.00284268
-0.00965922
-0.00192081
-0.0015589
0.00130154
-0.00642948
-0.00502443
-0.00461569
-0.00593286
-0.00805373
-0.00446295
-0.00660295
-0.0112
-0.00493796
-0.00872732
-0.00346558
-0.00509749
-0.0129459
-0.0037258
-0.00331344
-0.00841862
-0.00612199
-0.00207176
-0.0094314
-0.00772226
-0.00842656
-0.0110988
-0.00378786
-0.00333326
-0.00841533
-0.00219779
-0.00011211
0.00286261
-0.00157491
-0.000521127
-0.000537611
0.0029992
0.00119928
0.00154713
0.00217484
0.00145753
0.00145818
0.00591499
0.000429336
0.00311741
-0.000111412
-0.000117264
-0.00470497
0.00761552
0.0044795
0.00169503
-0.000521613
0.00296439
0.00467683
0.00475143
0.00183602
-0.0020665
0.00481422
0.00796728
0.00602684
0.00332257
-0.00144622
0.00643629
0.00748583
0.00593167
0.00191414
0.00268342
0.00978811
0.00397961
0.00192759
0.00603402
0.00559122
-0.00080331
0.0124121
0.00698915
0.00490948
0.00153732
0.00647989
0.00760843
0.00612646
0.00534793
0.00808117
0.00686862
0.00699342
0.00757665
0.00708773
0.00563558
0.00177283
0.00846388
0.0105638
0.00810356
0.00238065
0.00912561
0.0103627
0.00104923
0.00615562
0.0122478
0.0109097
0.00538902
0.00608248
0.0127736
0.0104183
0.0163478
0.0131676
0.0150353
0.0136015
0.0127234
0.0138956
0.0153625
0.0183109
0.0130398
0.0186036
0.0170108
0.0170244
0.0143931
0.0197171
0.0172772
0.0169463
0.0185788
0.0186125
0.0231404
0.0182898
0.0206009
0.0185804
0.0237683
0.0201798
0.0183705
0.0250387
0.0236829
0.0232971
0.0244324
0.0221369
0.0221444
0.0298327
0.0242226
0.0238053
0.0313555
0.023435
0.0276206
0.026977
0.0333335
0.0233255
0.0310312
0.0390486
0.0376967
0.0402307
0.0409283
0.0447467
0.045016
0.0429778
0.0496578
0.0449298
0.0469578
0.0477712
0.04807
0.0484518
0.0498548
0.0511901
0.0504334
0.0501542
0.0517846
0.0499073
0.0533987
0.0525624
0.0511803
0.0587926
0.0537868
0.0487282
0.0555074
0.0544202
0.0540701
0.052206
0.053701
0.0544829
0.0507095
0.0617354
0.0625961
0.0529574
0.0633815
0.0528165
0.0606369
0.0654837
0.0638325
0.0652379
0.0636025
0.0651619
0.0638362
0.0698974
0.0636477
0.0635542
0.0632968
0.0584063
0.063597
0.0575229
0.0616415
0.0550011
0.0513773
0.0485725
0.0460664
0.0480848
0.0492621
0.0464626
0.0404589
0.0433683
0.0451828
0.0398486
0.0466933
0.0372584
0.0390621
0.037582
0.0369849
0.0411799
0.0423724
0.0389874
0.0385531
0.0365701
0.0407025
0.0516379
0.0533883
0.044416
0.0534008
0.0488474
0.0413553
0.0467308
0.0538359
0.0454347
0.0487068
0.0446232
0.0500137
0.0471802
0.050414
0.0473962
0.0406321
0.0376373
0.0374774
0.0455715
0.0455008
0.0462396
0.0467946
0.0452227
0.0449633
0.0439415
0.0468155
0.040865
0.0373524
0.0390739
0.0371465
0.0388815
0.0375508
0.037569
0.035917
0.0376175
0.037482
0.0376546
0.0374039
0.0471526
0.0377977
0.0420382
0.0370517
0.040031
0.0408843
0.0423329
0.0437811
0.0409929
0.0388889
0.0470038
0.0511155
0.0487131
0.0487634
0.0425184
0.057231
0.0512992
0.057399
0.0452767
0.0507482
0.0510088
0.0521822
0.0558599
0.0581622
0.0591057
0.0507695
0.0572576
0.0513368
0.0518817
0.0595876
0.0524343
0.0574836
0.0560989
0.0572982
0.0485014
0.0476854
0.0568775
0.0572728
0.0486515
0.046094
0.0466239
0.044957
0.048687
0.0422785
0.0383943
0.0438103
0.0401814
0.0386589
0.0385605
0.0427415
0.0332975
0.0319031
0.0353285
0.0294603
0.0376545
0.0292115
0.0298992
0.0235427
0.0247269
0.0217924
0.0215382
0.0112161
0.0200587
0.0123646
0.0107501
0.0168332
0.0107569
0.0154872
0.00813399
0.0125713
0.0154493
0.0130712
0.0107803
0.0160257
0.011264
0.0108399
0.0148485
0.0132796
0.0119877
0.0170193
0.0123317
0.0166641
0.0161278
0.0171588
0.015538
0.0188865
0.0169874
0.0208537
0.0220134
0.0153967
0.0295431
0.0238511
0.030157
0.0272891
0.0317713
0.0289287
0.032069
0.0354203
0.0339489
0.0312906
0.0350729
0.0306287
0.0389642
0.0388361
0.0320322
0.0387347
0.0373643
0.0351885
0.038938
0.0381333
0.0363219
0.0367434
0.0372717
0.0373026
0.0338396
0.0357356
0.0397097
0.0368588
0.0332429
0.0358505
0.0341487
0.0359817
0.0348394
0.0342
0.0328554
0.0369336
0.0267928
0.0341252
0.0230192
0.0256805
0.0194036
0.0297386
0.0281706
0.0370676
0.0386672
0.0297057
0.0345534
0.0332859
0.0352385
0.0310159
0.033439
0.0252688
0.0280089
0.0233695
0.0256804
0.0217129
0.0250886
0.0250641
0.0195242
0.0232819
0.0210982
0.0174362
0.0238133
0.0203226
0.0220241
0.0237437
0.0202571
0.0169316
0.0147572
0.0114609
0.0167265
0.0185961
0.00966588
0.019505
0.0161696
0.0194237
0.0164294
0.0209038
0.0186466
0.0179462
0.0285538
0.0276715
0.0249765
0.0309997
0.0247074
0.0342323
0.0311622
0.0281827
0.035921
0.031308
0.0368855
0.0348323
0.037882
0.0378392
0.0374887
0.0389557
0.0331081
0.0469312
0.0479566
0.046862
0.051929
0.0477723
0.0545034
0.0504662
0.0490036
0.0501239
0.0505733
0.0499433
0.0523796
0.0516439
0.0521777
0.0513702
0.0454019
0.0536436
0.0486389
0.0514561
0.0487997
0.0554372
0.0454426
0.055183
0.048454
0.0500711
0.0506163
0.0463447
0.0543108
0.0472743
0.0467988
0.0487934
0.0482649
0.0454452
0.049705
0.0485317
0.0482215
0.0471552
0.0485178
0.0486173
0.0467489
0.0446289
0.0434097
0.0487373
0.0465761
0.0465312
0.0476354
0.0435662
0.0427413
0.0485577
0.0474671
0.0447429
0.0452157
0.0448287
0.0447633
0.0485265
0.0427043
0.0491413
0.0404371
0.0492174
0.0466171
0.0477569
0.0508036
0.044145
0.0465786
0.0507097
0.0487937
0.0463278
0.0446173
0.0473265
0.0457612
0.0442891
0.0450577
0.0416026
0.0410853
0.0393416
0.0406238
0.0468249
0.0348821
0.0343869
0.0548776
0.0344012
0.0408338
0.0450603
0.0406749
0.0388996
0.0453918
0.0396102
0.0453275
0.0421481
0.0467416
0.0458522
0.0406246
0.0513172
0.0372588
0.0514133
0.0437093
0.0430811
0.0502798
0.0406254
0.0469961
0.0405319
0.0513231
0.0438223
0.0455024
0.0511882
0.042881
0.0517601
0.0442424
0.0447999
0.047838
0.0409349
0.0483131
0.0393537
0.0527377
0.040737
0.0488968
0.0452504
0.0498848
0.0407802
0.0502531
0.0418614
0.0514381
0.0436762
0.0469872
0.0444084
0.0439853
0.0468573
0.042481
0.0441471
0.0443253
0.0460771
0.0435136
0.0399747
0.0423839
0.0469017
0.0427915
0.0404204
0.0382522
0.0464538
0.0480234
0.0408564
0.0394028
0.0387375
0.0436705
0.0470997
0.0409853
0.0394539
0.0404731
0.0442103
0.0410432
0.0421713
0.042278
0.0393114
0.0372324
0.0442212
0.0433609
0.0395894
0.0426917
0.0401946
0.041272
0.0426413
0.0412455
0.0479548
0.0413315
0.0410097
0.0428355
0.0406504
0.0427249
0.0397832
0.042793
0.0408793
0.0412023
0.0412209
0.0406943
0.0426729
0.0412875
0.041513
0.0409859
0.0420337
0.0388583
0.0404504
0.0414679
0.037518
0.0429993
0.0400155
0.0393769
0.04043
0.0385598
0.0392913
0.0401436
0.0403647
0.0340734
0.0388053
0.0446445
0.0388579
0.0425644
0.0371025
0.0398779
0.0481107
0.0404676
0.0456984
0.0436644
0.0412877
0.0386602
0.0400753
0.0405284
0.039496
0.0401421
0.0400726
0.0432116
0.0351274
0.0450407
0.0388332
0.0402697
0.0416306
0.0402532
0.0419224
0.0390475
0.0375846
0.0464703
0.038711
0.041052
0.0439146
0.0388721
0.0410396
0.0404522
0.0388047
0.0433765
0.0395299
0.0388872
0.0385749
0.0420912
0.0445718
0.0435864
0.0411109
0.0402228
0.0387969
0.041927
0.0451351
0.0414837
0.0419305
0.0459944
0.0415704
0.0418371
0.0449692
0.0421645
0.0396763
0.0446959
0.0431544
0.0390839
0.0396701
0.0431201
0.0440665
0.0418546
0.0463162
0.0386629
0.0462638
0.0405021
0.0432756
0.0431623
0.0430011
0.0435835
0.0416477
0.0447027
0.041431
0.041919
0.0450471
0.0425975
0.0441106
0.0375826
0.0430188
0.0443225
0.0415997
0.0405143
0.0427498
0.0457725
0.0449325
0.045428
0.0419697
0.0459611
0.0412045
0.0443982
0.0411464
0.0437403
0.0427267
0.042082
0.0409587
0.044367
0.0420388
0.0427552
0.0426423
0.0424124
0.0407144
0.0439509
0.0426405
0.0427331
0.0418658
0.0424139
0.0418058
0.0404599
0.0449732
0.0425404
0.0410093
0.0428326
0.0380353
0.0432032
0.0424985
0.0391312
0.0404519
0.0421307
0.0412337
0.0418525
0.0388488
0.0395172
0.0406276
0.040466
0.0410743
0.0408462
0.0406073
0.0389389
0.0371623
0.0407124
0.0482065
0.0405095
0.0392091
0.0385037
0.0487186
0.043892
0.0391312
0.0468509
0.043621
0.0388543
0.0528354
0.0437178
0.0464034
0.0437181
0.0532364
0.0462371
0.0421128
0.0532394
0.0455391
0.0496693
0.0482357
0.0484915
0.0484923
0.0498421
0.0432812
0.0548986
0.0432757
0.0481254
0.0455512
0.0518772
0.0485332
0.0498849
0.0503498
0.0526505
0.0518207
0.0543444
0.0534401
0.0518378
0.0519362
0.0532667
0.0548319
0.0535224
0.0519706
0.0521639
0.0540802
0.0519277
0.0505613
0.0517466
0.0565645
0.0535577
0.0491304
0.0497599
0.055289
0.054753
0.050785
0.0480698
0.0535733
0.0486914
0.0430657
0.0493638
0.0398523
0.0461038
0.0427346
0.0435914
0.0371484
0.04349
0.0343082
0.0368375
0.0357056
0.0383723
0.0296117
0.0361818
0.034112
0.0368455
0.0327671
0.0330445
0.0399674
0.0340466
0.0347615
0.0359881
0.0354803
0.0397882
0.0302159
0.0294848
0.0413689
0.0308059
0.0274028
0.0198337
0.0335198
0.0339025
0.0267714
0.0306447
0.0352671
0.0275634
0.0351224
0.0337005
0.0319909
0.0370309
0.0290984
0.0340032
0.0280581
0.0305666
0.0276666
0.0307076
0.0281882
0.0280827
0.0308044
0.0292001
0.0329711
0.0245095
0.0350476
0.0294682
0.03259
0.0324238
0.0306128
0.0354895
0.0398421
0.0344007
0.0282929
0.0380264
0.0291041
0.0351562
0.0389429
0.0429904
0.0389338
0.0375014
0.0387794
0.0494771
0.0452661
0.0516027
0.0491537
0.0508035
0.0542771
0.0506673
0.0512077
0.0540142
0.0522082
0.0537885
0.05274
0.0522754
0.0547479
0.0547404
0.0514665
0.0553822
0.0522347
0.0552491
0.0494222
0.0508008
0.047515
0.0515786
0.0495362
0.0455546
0.0504835
0.0465741
0.0476253
0.0518605
0.0535809
0.0518842
0.0444515
0.0519034
0.0459501
0.0454548
0.0465795
0.0503862
0.0436078
0.0404073
0.0488907
0.045684
0.0395566
0.0491486
0.0441724
0.036873
0.0524595
0.0409072
0.039255
0.0496185
0.0378651
0.0408342
0.0463597
0.0390005
0.0388509
0.0468424
0.0387635
0.044476
0.0416345
0.0286839
0.0482889
0.035915
0.0366651
0.0436687
0.0386139
0.038952
0.0426105
0.0405759
0.0359619
0.040475
0.0444221
0.0360258
0.0435901
0.0424387
0.0376259
0.0420481
0.0485406
0.0454445
0.0428686
0.0475831
0.0566378
0.04362
0.0423607
0.0438979
0.0475108
0.0419832
0.0410214
0.0478892
0.0434897
0.0408227
0.0455975
0.0407337
0.0420893
0.0456734
0.0378792
0.0501388
0.0388385
0.0439335
0.0460953
0.0462917
0.0459805
0.0483078
0.0487738
0.0504128
0.0498785
0.0634851
0.0578808
0.0557331
0.0624696
0.0566946
0.059601
0.059647
0.0576531
0.0567879
0.0595111
0.0566476
0.0590566
0.0579307
0.0615758
0.0567935
0.0560189
0.0617779
0.0628104
0.0611326
0.059029
0.0603194
0.0612259
0.0596023
0.0594712
0.0568359
0.0566216
0.0578197
0.0584299
0.0552166
0.055269
0.054091
0.0524124
0.0492461
0.0501048
0.0466522
0.0376304
0.0537356
0.0435653
0.0482133
0.0432501
0.0462409
0.0446062
0.0466488
0.0445166
0.043336
0.0385717
0.0449714
0.0401287
0.037543
0.0373396
0.0403994
0.047273
0.0410136
0.0436414
0.0373254
0.0404344
0.0321909
0.0402323
0.0375464
0.0365036
0.0415946
0.0323817
0.0386235
0.0454385
0.0431867
0.0419848
0.0415263
0.0417521
0.0450018
0.0432428
0.0398008
0.0470037
0.0432363
0.0464214
0.0430006
0.0448331
0.0441475
0.0476574
0.0515556
0.0403177
0.0490388
0.0479185
0.0467043
0.0493572
0.0459519
0.0496171
0.0497055
0.0432401
0.0527451
0.0423701
0.0489971
0.0424631
0.0416514
0.0477639
0.0437785
0.0471461
0.0446716
0.0486032
0.0484118
0.0446468
0.0428182
0.0475609
0.0441661
0.0468183
0.0474414
0.0457799
0.0434328
0.0472695
0.0456993
0.0458757
0.0442092
0.0409589
0.045719
0.0458926
0.0470947
0.043786
0.039426
0.0507562
0.0484043
0.0430535
0.0446952
0.0441812
0.0470004
0.0439356
0.0466322
0.0426497
0.0458001
0.0466144
0.0445898
0.0439533
0.0452671
0.0463722
0.0479503
0.0437174
0.0453096
0.0465806
0.0450951
0.0454527
0.0450241
0.0487664
0.0512864
0.0485128
0.0433757
0.0438505
0.0495426
0.0519745
0.0485067
0.0477842
0.0529036
0.0523523
0.0516964
0.0527215
0.0544818
0.0519625
0.0581554
0.0525917
0.0562734
0.053527
0.0566417
0.0539228
0.0510403
0.0595582
0.0474813
0.0558173
0.0549699
0.0519149
0.0547052
0.0512272
0.0531084
0.0439465
0.0599048
0.054212
0.0475973
0.0548586
0.0582435
0.0484153
0.0532554
0.0583378
0.047693
0.0589461
0.0507546
0.0526873
0.0478722
0.0585688
0.0491518
0.0505968
0.0556966
0.0446873
0.0556896
0.0510097
0.0537679
0.0506909
0.0538477
0.0557079
0.0529439
0.0554837
0.0508417
0.0564088
0.0497158
0.0514418
0.0546758
0.0507888
0.0568797
0.0562257
0.0553642
0.0510106
0.055547
0.0538105
0.052599
0.0568878
0.0530911
0.0507761
0.0555491
0.0494149
0.0583058
0.0431124
0.0588484
0.0449613
0.0581311
0.041751
0.0536264
0.0510774
0.0399996
0.0522463
0.0446385
0.0501339
0.0466606
0.0414041
0.037207
0.0475002
0.0469535
0.0432671
0.0424721
0.0491024
0.0466052
0.0488423
0.0475343
0.0386031
0.0481549
0.0486103
0.047604
0.0506009
0.0515309
0.0459668
0.049887
0.0465092
0.0543636
0.049152
0.0491368
0.050608
0.0490809
0.0490845
0.0492376
0.0498683
0.048224
0.0509162
0.0491013
0.0485683
0.0495972
0.0490502
0.0444476
0.0501851
0.0510787
0.0480824
0.0483443
0.0473284
0.0467464
0.0491019
0.0501792
0.0461548
0.0481254
0.0452155
0.0464033
0.0463452
0.047764
0.0470764
0.0474682
0.0466772
0.0491263
0.0469832
0.0443743
0.0466772
0.0505548
0.0445548
0.0481232
0.0450933
0.0474475
0.0477293
0.0460357
0.0465734
0.0475424
0.0461134
0.049141
0.0452561
0.0460628
0.052636
0.044405
0.0462167
0.0477185
0.0477221
0.0476156
0.0466352
0.0475902
0.0474539
0.0458101
0.0506932
0.0454907
0.0417349
0.0490942
0.0465478
0.0477774
0.0477064
0.049075
0.0459177
0.0477367
0.0475822
0.0481538
0.0491721
0.0473435
0.0474109
0.0467026
0.0457663
0.0474984
0.0460845
0.046563
0.0456303
0.0463484
0.0468923
0.0436982
0.0458887
0.0551666
0.0443403
0.0498714
0.0519889
0.0480287
0.0535658
0.0496005
0.050487
0.0535733
0.0488863
0.05244
0.0459828
0.0580617
0.0469934
0.0542545
0.0489366
0.0508267
0.0537156
0.0506835
0.0494614
0.0490963
0.0504832
0.048211
0.0541453
0.0505654
0.0458589
0.0538375
0.0488859
0.0472351
0.0567891
0.0472057
0.048958
0.0490647
0.0525251
0.0453456
0.0491956
0.0584644
0.0463053
0.0492796
0.047798
0.0551622
0.0530709
0.0495285
0.0476359
0.0485672
0.0495969
0.0488586
0.0501944
0.0506127
0.0525784
0.0539973
0.0498193
0.0450794
0.0526965
0.0539194
0.0521825
0.0518711
0.0528258
0.0527694
0.0535398
0.0550541
0.0543434
0.0502338
0.0550464
0.0554338
0.0527824
0.0536794
0.0524042
0.0564539
0.0502577
0.0574262
0.0538569
0.0554596
0.0527587
0.0569037
0.0548366
0.0537632
0.0546158
0.055452
0.0517817
0.0531981
0.0511939
0.0539855
0.0477493
0.0528384
0.043603
0.0522075
0.052336
0.0536015
0.0465533
0.0481334
0.052736
0.0504883
0.0437898
0.0506667
0.0441892
0.0521573
0.0435065
0.0493642
0.044465
0.0506671
0.0423071
0.0491031
0.0461282
0.042878
0.0478373
0.0414712
0.0476835
0.0458022
0.0397333
0.0415135
0.0475617
0.0423297
0.0426894
0.0426585
0.0381482
0.041422
0.0408284
0.0383112
0.0409145
0.0385363
0.0410295
0.0384349
0.0405839
0.027941
0.0394416
0.0379977
0.0346073
0.0357232
0.0334276
0.035901
0.0373574
0.0314616
0.0318517
0.035361
0.0328596
0.0299147
0.0299354
0.0340105
0.0341509
0.0270292
0.025959
0.0402739
0.0314589
0.0266721
0.0309297
0.036388
0.0283066
0.0343247
0.0317727
0.0329018
0.0362309
0.032594
0.0302819
0.0357929
0.0409792
0.0375459
0.0425361
0.0419523
0.0402215
0.0428875
0.039094
0.0441176
0.0456729
0.0400785
0.0402868
0.0446737
0.0441527
0.0413149
0.0427498
0.0406001
0.0434284
0.0372485
0.0385323
0.0480351
0.0399174
0.040662
0.0460374
0.042012
0.0398965
0.0463079
0.0463111
0.0421495
0.0447701
0.040972
0.0494556
0.0390641
0.0461858
0.0481772
0.0541001
0.0443224
0.0473753
0.051964
0.0533395
0.0447509
0.0492679
0.0557755
0.0543962
0.0464503
0.0589471
0.0481645
0.0541661
0.0505675
0.058846
0.0449812
0.057419
0.0512071
0.051068
0.0496971
0.0551317
0.0453411
0.0463376
0.041387
0.0518882
0.0532521
0.0532336
0.0488573
0.0573675
0.0574664
0.0543446
0.0497318
0.0525321
0.0512201
0.0496255
0.0596695
0.0530758
0.0552178
0.0510525
0.0539113
0.0540555
0.0525969
0.0554601
0.0524552
0.0549536
0.0558492
0.0523853
0.0525338
0.0553918
0.0557632
0.0537308
0.0522407
0.0536886
0.0467051
0.0463072
0.0477395
0.0489466
0.0502354
0.0447958
0.0458231
0.0486196
0.0481359
0.0379725
0.0445704
0.0443211
0.0362511
0.0409779
0.0475259
0.0389981
0.0413538
0.0383143
0.0351325
0.0405195
0.0381114
0.03412
0.0395111
0.0328393
0.027081
0.0304758
0.0322604
0.0366289
0.0348416
0.0196765
0.0316671
0.0358035
0.0243508
0.024097
0.0330457
0.0356567
0.0196703
0.0315595
0.0330064
0.0252855
0.0286395
0.0238518
0.0313979
0.0326572
0.0367014
0.033057
0.0296801
0.0334934
0.0351974
0.0268189
0.0372476
0.0381948
0.0360046
0.0313945
0.0383514
0.0358695
0.0341959
0.0344313
0.0399419
0.0328405
0.0393404
0.0359068
0.0389769
0.0406867
0.0341931
0.043258
0.0385072
0.0388446
0.0342299
0.0450727
0.0344949
0.0407437
0.0403555
0.0372984
0.0424461
0.0409623
0.0424123
0.0398358
0.0446062
0.0410265
0.0405441
0.0435332
0.0442644
0.04097
0.0426064
0.0436344
0.0428355
0.0456699
0.0455141
0.0421579
0.0494799
0.0428685
0.0480684
0.0466306
0.0460702
0.0465172
0.0470686
0.0469816
0.0477019
0.0464315
0.0481675
0.0525738
0.0482694
0.0496181
0.0497691
0.0526777
0.0512014
0.0544087
0.0493834
0.058069
0.0487414
0.0534064
0.0574682
0.060789
0.0622429
0.0578262
0.0581641
0.0592214
0.0597092
0.0563669
0.0590222
0.0562887
0.0537886
0.0564184
0.0598783
0.054554
0.0602766
0.0539155
0.0530756
0.056884
0.0524024
0.0570846
0.0564417
0.0544888
0.0442105
0.0583409
0.0555816
0.0571921
0.0549705
0.0489569
0.0591911
0.0577015
0.0567278
0.0494876
0.0566601
0.0575371
0.0517764
0.057844
0.0519276
0.0560436
0.0595567
0.0552823
0.0610192
0.0514532
0.0537631
0.0517524
0.0528762
0.0508137
0.0580057
0.055886
0.0573116
0.052635
0.0543624
0.0545729
0.0559289
0.0507153
0.0557323
0.0510774
0.0506738
0.0529047
0.0491719
0.0507233
0.0521426
0.0468611
0.0451563
0.0441821
0.043348
0.0430846
0.0419351
0.0416796
0.0397279
0.0253298
0.0356862
0.0289971
0.0319756
0.0250091
0.0320186
0.0239547
0.0318075
0.0295682
0.0272399
0.0228979
0.0236129
0.0262835
0.0325192
0.0269495
0.0331367
0.0266143
0.0284857
0.0326227
0.0295488
0.032264
0.0301764
0.031887
0.0301609
0.0279051
0.0364259
0.0283388
0.0346934
0.0308602
0.033496
0.0319391
0.0316683
0.0331715
0.0402291
0.0288005
0.0317801
0.0404201
0.0346992
0.036725
0.042831
0.0427427
0.0413585
0.0411392
0.045099
0.0376014
0.044356
0.0384561
0.0465774
0.0447199
0.0446293
0.0459992
0.0406874
0.048262
0.0438443
0.0492193
0.0468238
0.0461359
0.0475982
0.0431974
0.0525018
0.0447206
0.0492985
0.0428438
0.0481978
0.0510933
0.0433338
0.0523355
0.0467459
0.0464747
0.0508364
0.0463345
0.051122
0.0464276
0.0492902
0.0498941
0.0508951
0.0380229
0.0557059
0.0466184
0.0485484
0.049701
0.047031
0.0527764
0.0452011
0.0529047
0.0452432
0.0526942
0.0480825
0.0463462
0.0465248
0.0513269
0.0482442
0.0479694
0.0498488
0.0482553
0.0459679
0.0482833
0.0494127
0.0448999
0.0511477
0.048363
0.0432142
0.0497212
0.0484063
0.0448493
0.0494034
0.0467471
0.0513194
0.0430605
0.0480445
0.0498758
0.0467604
0.0465931
0.0498489
0.0469481
0.0494523
0.0516154
0.0429944
0.0510071
0.0529873
0.0513925
0.0512839
0.0440365
0.051701
0.051955
0.0495574
0.0542354
0.0543753
0.0506828
0.054083
0.0526083
0.0513362
0.0522724
0.0508553
0.055438
0.0487011
0.0529511
0.0523457
0.0538107
0.0482986
0.0541857
0.0493552
0.0522574
0.0511209
0.0508683
0.0510175
0.0527108
0.0482044
0.0491687
0.0461785
0.0506374
0.0464503
0.0491759
0.049118
0.0490556
0.0467089
0.0456681
0.046604
0.0474965
0.0465048
0.0460353
0.0440773
0.044442
0.0436773
0.0430419
0.041792
0.0449148
0.039627
0.0430607
0.0343966
0.034102
0.038502
0.0413278
0.034302
0.0342313
0.041536
0.0383229
0.0376976
0.0358035
0.038286
0.0468515
0.0351399
0.03559
0.0429048
0.0432441
0.0353124
0.0355481
0.0381197
0.0451637
0.0366488
0.0371231
0.0412309
0.0446548
0.0365356
0.0355624
0.042924
0.0431288
0.0397311
0.0345638
0.0450866
0.0420968
0.0420809
0.0464681
0.0424507
0.0443182
0.0382936
0.0344459
0.0442161
0.0412791
0.0481056
0.0461317
0.0477297
0.0489886
0.0434387
0.0467984
0.0492284
0.047637
0.0450209
0.0485338
0.0455938
0.0479522
0.0498485
0.0449557
0.0369112
0.046351
0.0485756
0.0406234
0.0458024
0.0449061
0.0428913
0.0493648
0.041881
0.047196
0.0450154
0.0479579
0.0431655
0.0474715
0.0495868
0.0419822
0.0486439
0.0432567
0.0479231
0.0492048
0.0415198
0.0434801
0.0512636
0.0494728
0.0449761
0.0501305
0.0476158
0.0525326
0.0465602
0.0451144
0.0510916
0.0481895
0.049431
0.0435661
0.0533493
0.0495066
0.0403437
0.0530166
0.0507761
0.0509249
0.0418476
0.051023
0.0514024
0.0509596
0.0481309
0.0511391
0.0550265
0.0501057
0.0481309
0.0510497
0.0512631
0.0544364
0.051217
0.0477268
0.048299
0.0542274
0.0524009
0.0553829
0.0509612
0.0502351
0.0505467
0.055519
0.0515265
0.0521415
0.0522996
0.052024
0.0512741
0.0509578
0.0495198
0.0522935
0.0496425
0.0505119
0.0520556
0.0504685
0.0527403
0.0520154
0.0488622
0.048686
0.0510892
0.0506738
0.0488786
0.0524948
0.04802
0.0502575
0.0471808
0.0494809
0.0471372
0.0468119
0.0500455
0.0480373
0.0468576
0.0486275
0.0484043
0.0495852
0.0469001
0.0470009
0.0485067
0.0481233
0.0485008
0.0470788
0.0466721
0.0500119
0.0493579
0.0425484
0.0471024
0.0458675
0.0457185
0.0471024
0.0451114
0.0424346
0.045641
0.0409594
0.0422152
0.0426845
0.0362513
0.0396613
0.0349439
0.0335139
0.0440035
0.0333674
0.0311912
0.0374003
0.0366201
0.0336591
0.0309623
0.0381554
0.0287099
0.03617
0.0296129
0.0410231
0.0321621
0.0366409
0.0296287
0.0352503
0.0384561
0.0342394
0.0373771
0.0305649
0.0369569
0.0454383
0.0280061
0.040253
0.0387032
0.0340077
0.0435201
0.0416656
0.0469741
0.0402897
0.042044
0.0418928
0.0425898
0.0347862
0.0398296
0.0463311
0.0524439
0.0479341
0.0467311
0.0510259
0.0457515
0.0523529
0.0513334
0.0512037
0.0526261
0.0514291
0.0542442
0.0526181
0.0542441
0.0543377
0.0560713
0.0528395
0.0541311
0.0532358
0.05764
0.0507012
0.0555269
0.0559773
0.0546904
0.0555769
0.0558278
0.0540562
0.0543043
0.0540648
0.0526177
0.054055
0.0536061
0.0508624
0.0511696
0.0523537
0.0482401
0.0433867
0.0540465
0.0539859
0.0482176
0.0414344
0.0509906
0.0510943
0.0446523
0.0495305
0.0506168
0.0466344
0.0446737
0.0491972
0.0444165
0.0451216
0.0514904
0.0465058
0.0398163
0.0514648
0.0474028
0.0398254
0.0485377
0.04819
0.0482216
0.0412726
0.0443955
0.0495435
0.0471107
0.0455181
0.0397693
0.0465613
0.0471459
0.0485136
0.0437825
0.0468792
0.039147
0.0416025
0.0484595
0.0470483
0.0473779
0.0485128
0.0455972
0.0481064
0.0486932
0.0486188
0.0481075
0.047051
0.048542
0.0453183
0.0495431
0.048451
0.0485923
0.0467806
0.0481532
0.0466921
0.0470522
0.0455538
0.0484367
0.0462291
0.0445718
0.0403784
0.0461353
0.0443231
0.0456671
0.0421664
0.0411802
0.0382071
0.042977
0.0413776
0.0397323
0.0412958
0.0398027
0.0429333
0.0385067
0.0397583
0.0384506
0.0384239
0.037951
0.0322923
0.0432126
0.0369501
0.0443355
0.0371854
0.0420949
0.0404965
0.0387187
0.0376971
0.044458
0.0419379
0.0403288
0.0395872
0.0447219
0.0359371
0.0433761
0.0384474
0.0431867
0.0405166
0.0464123
0.0443062
0.041262
0.0407003
0.0461119
0.0420587
0.0464286
0.0435801
0.0478798
0.0450081
0.0484291
0.0473583
0.0510184
0.0480939
0.0509055
0.0480652
0.0495492
0.0508701
0.0509863
0.0528292
0.0524819
0.0511208
0.0525213
0.0533013
0.0525751
0.0553876
0.0510272
0.0514387
0.0540714
0.0521993
0.0539779
0.0541823
0.0534749
0.0557481
0.0509319
0.054132
0.0558193
0.0508969
0.0554251
0.0514655
0.0556656
0.0537468
0.0552495
0.0526312
0.0544056
0.0516949
0.0524269
0.0527118
0.0520317
0.0551911
0.0522134
0.0530704
0.0534678
0.0519652
0.0522357
0.0527834
0.0519141
0.0537632
0.0534106
0.0512186
0.0534965
0.0522568
0.052621
0.0516354
0.0530695
0.0548453
0.0499099
0.0506104
0.0563926
0.0517634
0.0511844
0.0515175
0.05173
0.0530122
0.0556782
0.0498937
0.0516111
0.0513876
0.049559
0.0513456
0.0501154
0.0530132
0.0464704
0.0498082
0.0468501
0.0467856
0.0493809
0.0485231
0.0512129
0.0468965
0.0452405
0.042907
0.0388125
0.0459572
0.0452758
0.0407715
0.0438571
0.0419134
0.0422117
0.0436414
0.0399707
0.0328132
0.0439013
0.0414203
0.0392659
0.0348166
0.0315976
0.0380704
0.0301131
0.0346297
0.0315087
0.030079
0.0301004
0.0225122
0.0308962
0.0259894
0.0347129
0.0316558
0.0376283
0.0317925
0.0372481
0.0317269
0.0373174
0.0334719
0.0373645
0.0348465
0.03324
0.036933
0.0324238
0.03975
0.0288695
0.0385154
0.0325841
0.0367299
0.0291173
0.0340003
0.0303821
0.0322632
0.0267535
0.0372237
0.0310713
0.0305987
0.0357949
0.0447973
0.038973
0.0451766
0.0475495
0.0423648
0.0463259
0.0510459
0.049748
0.0514962
0.0497431
0.0498848
0.0527623
0.0481071
0.0527996
0.0502168
0.0498563
0.0559896
0.0463804
0.0574534
0.0464821
0.0547195
0.0498688
0.0542833
0.0478382
0.0530377
0.048337
0.0481484
0.0527908
0.0479264
0.0438189
0.0492
0.0496636
0.0466004
0.045931
0.0465007
0.0446291
0.0481409
0.0506975
0.0530039
0.0476863
0.0497322
0.056588
0.0476124
0.0477141
0.052764
0.0507966
0.0511614
0.0494573
0.050728
0.048568
0.0502824
0.0485632
0.0567559
0.0485575
0.0500798
0.0522941
0.0450082
0.0578186
0.0484912
0.0412782
0.0557414
0.0467646
0.0451732
0.0523187
0.0464961
0.0437019
0.0504149
0.0453855
0.0461834
0.0568049
0.0436026
0.0448435
0.040337
0.0448896
0.0450124
0.048951
0.0418797
0.046773
0.0450115
0.0433115
0.0432643
0.0435219
0.0418807
0.0464101
0.0395523
0.0483622
0.044972
0.0473542
0.0449513
0.0459422
0.0467627
0.0478039
0.0452908
0.0469507
0.0465401
0.0471451
0.0471856
0.0463464
0.0468412
0.0485493
0.0470004
0.0487608
0.0499106
0.0471029
0.045545
0.0503082
0.0480051
0.0472188
0.0463308
0.0471614
0.0458548
0.0472506
0.0447683
0.0465839
0.0472931
0.0456189
0.0466465
0.0472975
0.0431546
0.0459831
0.0389429
0.0404227
0.0380415
0.0411396
0.0481441
0.0387107
0.0352136
0.0470717
0.0444049
0.0434001
0.0365978
0.0407177
0.0474202
0.0419005
0.0475212
0.0425357
0.0458497
0.0480421
0.0447233
0.0499533
0.0458922
0.0459175
0.0463766
0.0475422
0.0494969
0.0443532
0.04992
0.0477093
0.0486538
0.0481244
0.0469413
0.0479296
0.0488855
0.0445254
0.0473514
0.0488514
0.0474833
0.0432598
0.0448778
0.0443663
0.0465893
0.0412209
0.0424195
0.0425996
0.0386485
0.0455339
0.0439931
0.0410451
0.0407213
0.0422789
0.0424899
0.0403484
0.0369677
0.0484931
0.0362306
0.0421303
0.0359547
0.0419203
0.0425008
0.0429338
0.0343074
0.0405168
0.0390451
0.0388409
0.0372158
0.0387851
0.0395035
0.0401959
0.0308866
0.0420283
0.0385475
0.0372199
0.0318623
0.0345773
0.0349394
0.0399454
0.0321633
0.0384967
0.0311602
0.0355188
0.0317431
0.028117
0.0432581
0.0353558
0.0369743
0.0357019
0.038435
0.0371027
0.0370603
0.0387333
0.0350477
0.034269
0.0368542
0.0334006
0.0437346
0.0415878
0.0391693
0.0399491
0.0404701
0.0421855
0.0385888
0.0429863
0.0414898
0.0406446
0.0447578
0.0422277
0.0436414
0.045424
0.0450077
0.0455035
0.0437429
0.0452376
0.0479354
0.045044
0.0483087
0.047087
0.0465596
0.0485488
0.0503598
0.0488622
0.0496726
0.0488699
0.0526085
0.0528956
0.0521755
0.0536281
0.0523187
0.054201
0.0523181
0.056887
0.0537738
0.0529124
0.0569126
0.0536865
0.0525004
0.0565996
0.0561153
0.0570568
0.055535
0.0539386
0.0585443
0.0556468
0.0555957
0.0533323
0.056186
0.0538239
0.0553621
0.0591611
0.0537891
0.0569391
0.0524202
0.0557628
0.0570496
0.0538746
0.0534544
0.0551461
0.0525846
0.0585036
0.0542413
0.0534995
0.0556441
0.0501504
0.0523275
0.0529815
0.0541325
0.0537656
0.053384
0.052637
0.0520519
0.0503671
0.0534613
0.051074
0.0487363
0.0518634
0.0500889
0.0466507
0.0490491
0.0525409
0.0463004
0.049541
0.0467724
0.0498942
0.0460497
0.0450368
0.0476086
0.0394296
0.0479203
0.0416574
0.0432348
0.0413042
0.0447751
0.0412284
0.0383101
0.0420127
0.0411695
0.0393081
0.0344395
0.0390976
0.0363458
0.0429784
0.0310267
0.0371097
0.0345191
0.0326882
0.0355784
0.0329339
0.0361316
0.0329826
0.0280149
0.0343231
0.0296295
0.0279727
0.0285475
0.0283755
0.0286979
0.0385855
0.0302038
0.0299451
0.0348693
0.0274187
0.0346928
0.0407388
0.0278426
0.0365494
0.0288945
0.0380422
0.0297605
0.0396812
0.032337
0.0387194
0.0321044
0.0430247
0.0291012
0.0372837
0.0400213
0.0341364
0.0387242
0.0373078
0.035337
0.0388575
0.0368725
0.0373375
0.0403605
0.0385962
0.0387203
0.0359271
0.0392351
0.0338144
0.0373677
0.0361115
0.0435045
0.0422405
0.0418522
0.0421982
0.0418881
0.0436907
0.0433435
0.0439291
0.0451471
0.0447501
0.0474639
0.0434532
0.0453256
0.0495431
0.0469429
0.0486999
0.0485927
0.0480979
0.0485754
0.0527336
0.0485256
0.0462388
0.0501744
0.0518715
0.0463621
0.0510736
0.0501896
0.0517627
0.0433886
0.0524057
0.0486917
0.0491114
0.046643
0.0510736
0.0467646
0.0501245
0.0469591
0.0493789
0.0488707
0.0468071
0.048062
0.0468503
0.04837
0.0468071
0.0479166
0.0465491
0.0463354
0.0485338
0.0465386
0.0500065
0.0454304
0.0463602
0.0474856
0.0471771
0.0447267
0.0449777
0.04973
0.0481861
0.0465404
0.0465202
0.0485859
0.0481094
0.0449777
0.0482649
0.0481084
0.0450794
0.0478688
0.0465018
0.0464665
0.0481592
0.0432912
0.0494891
0.049126
0.0474606
0.0451653
0.0485796
0.046424
0.0468754
0.0448685
0.0482446
0.04785
0.0450722
0.0463291
0.0465755
0.0481346
0.0449903
0.0446159
0.046706
0.0449872
0.0434377
0.046119
0.0437696
0.0434053
0.0478718
0.0401282
0.0458578
0.0420197
0.0463381
0.0436489
0.0404592
0.0434242
0.0404294
0.0414604
0.0388631
0.0419063
0.0436514
0.040515
0.0389257
0.0404319
0.0405138
0.0420347
0.0407131
0.0433877
0.0401337
0.0407653
0.037763
0.0403399
0.0422565
0.0404903
0.0406187
0.0402257
0.0421633
0.0412275
0.0427069
0.0452295
0.0423584
0.042524
0.0419814
0.0468939
0.040786
0.0440191
0.0435901
0.045331
0.0455262
0.0438354
0.0448426
0.0438853
0.0437039
0.0436555
0.0450395
0.0451979
0.0488568
0.0455972
0.0426113
0.0472633
0.0455431
0.0449384
0.0437429
0.0452793
0.0450959
0.047977
0.0437102
0.0467642
0.0468105
0.0449737
0.0458713
0.0449082
0.0495492
0.0435959
0.0448591
0.0499522
0.04821
0.0411059
0.0488363
0.0484226
0.0449053
0.0466115
0.0434195
0.0498424
0.0464588
0.0427392
0.046466
0.0464567
0.044592
0.0492778
0.0465169
0.0457253
0.0451843
0.0437082
0.0438441
0.0461217
0.0448893
time between points =  0.002sec;      number of points = 6118
surface displacement (cm)
