-0.0274761
-0.0248897
-0.0251865
-0.0238868
-0.0273595
-0.0238955
-0.0319771
-0.0208208
-0.0287142
-0.0223399
-0.0258596
-0.0270821
-0.0311639
-0.0222817
-0.0242943
-0.022521
-0.0275179
-0.0276079
-0.0253009
-0.0239212
-0.025011
-0.0286112
-0.0275557
-0.0263941
-0.0232974
-0.0275045
-0.0267903
-0.0292751
-0.0255183
-0.024192
-0.0256125
-0.0269543
-0.0255691
-0.032022
-0.0209355
-0.0269948
-0.0259474
-0.0275122
-0.0299238
-0.0240075
-0.0235318
-0.0293503
-0.0253565
-0.0317437
-0.0202235
-0.0265574
-0.0238008
-0.0316386
-0.0296705
-0.0253125
-0.0240143
-0.0254424
-0.0273222
-0.0317292
-0.0255265
-0.0253624
-0.0240272
-0.0297113
-0.027169
-0.0285957
-0.0234328
-0.0271837
-0.0263406
-0.0303141
-0.0281384
-0.0230659
-0.024994
-0.0279585
-0.0270816
-0.028897
-0.0267903
-0.0258017
-0.0235395
-0.0303814
-0.0253633
-0.0321502
-0.0233312
-0.0257067
-0.0251134
-0.030452
-0.0280466
-0.0272054
-0.0238622
-0.0259179
-0.0281826
-0.0294616
-0.027493
-0.0254319
-0.0252996
-0.0286542
-0.0260152
-0.0317443
-0.023341
-0.027046
-0.0243649
-0.0301763
-0.0290731
-0.028661
-0.0229453
-0.0266428
-0.0274945
-0.0249471
-0.0318273
-0.0255257
-0.0230839
-0.0220977
-0.0221114
-0.0245718
-0.0275939
-0.0242345
-0.0256125
-0.0268613
-0.0270373
-0.0306262
-0.0225205
-0.0192005
-0.0223931
-0.0182531
-0.0211271
-0.0270085
-0.0231316
-0.0237449
-0.0283706
-0.025708
-0.0271798
-0.030366
-0.022288
-0.0265669
-0.0258327
-0.0268768
-0.0271759
-0.0300473
-0.022083
-0.0254679
-0.0253121
-0.0254068
-0.0275718
-0.0301083
-0.028487
-0.0230473
-0.0254794
-0.0257485
-0.0282831
-0.0265937
-0.0260321
-0.0291253
-0.026913
-0.0235382
-0.0251522
-0.0267957
-0.0253633
-0.0258934
-0.0282087
-0.0287334
-0.0284864
-0.0253932
-0.0238
-0.0253555
-0.0271685
-0.0243192
-0.0305335
-0.031315
-0.0223317
-0.0271328
-0.0254182
-0.0239367
-0.0262758
-0.0254452
-0.0254497
-0.0263785
-0.0282677
-0.0235304
-0.025399
-0.0256125
-0.0257549
-0.0271233
-0.0253126
-0.0285439
-0.0243649
-0.0271305
-0.0273617
-0.0268846
-0.0298627
-0.0254141
-0.023341
-0.0254497
-0.0271043
-0.0255222
-0.0286391
-0.0301674
-0.0252269
-0.0216318
-0.0253482
-0.0272954
-0.023836
-0.0288722
-0.0284864
-0.0245111
-0.023827
-0.0254154
-0.0255347
-0.0258852
-0.0255347
-0.0249833
-0.0283642
-0.0289479
-0.020627
-0.0271575
-0.0227445
-0.0273071
-0.0254072
-0.0275575
-0.030366
-0.020777
-0.0254757
-0.023852
-0.0257119
-0.0255781
-0.0223321
-0.0255873
-0.0257115
-0.0247866
-0.0248332
-0.0256362
-0.0282173
-0.0257209
-0.0236568
-0.0255339
-0.025774
-0.0239395
-0.0263126
-0.0209703
-0.0255309
-0.0301701
-0.0222891
-0.0237861
-0.0239033
-0.0239645
-0.0238237
-0.0240115
-0.0239106
-0.0254844
-0.0252412
-0.024454
-0.0252188
-0.0248997
-0.0234757
-0.0249401
-0.0254923
-0.0256221
-0.0252194
-0.024348
-0.0251933
-0.0237808
-0.0242954
-0.025586
-0.0238711
-0.0270999
-0.0290809
-0.0216802
-0.0255357
-0.0208807
-0.0262689
-0.0222963
-0.027057
-0.0239033
-0.03041
-0.019252
-0.0248766
-0.0222033
-0.0267887
-0.0256011
-0.0273368
-0.0218225
-0.023346
-0.0223056
-0.0238096
-0.0242513
-0.0255828
-0.0292504
-0.0209438
-0.0211425
-0.0252874
-0.0206302
-0.0269627
-0.0228362
-0.0277437
-0.0223056
-0.0205827
-0.0212729
-0.0269192
-0.0226079
-0.0237847
-0.0197941
-0.0251932
-0.0204754
-0.027665
-0.0223431
-0.026911
-0.0181457
-0.0211843
-0.0221525
-0.0208226
-0.0222548
-0.0212293
-0.0252517
-0.0201274
-0.0225811
-0.0225587
-0.0204888
-0.0224628
-0.0222977
-0.021635
-0.0223404
-0.0204381
-0.0221181
-0.0226063
-0.0186805
-0.025468
-0.017721
-0.0250053
-0.0192784
-0.0222033
-0.0226891
-0.0206934
-0.0222568
-0.0192857
-0.0226107
-0.0206521
-0.0224121
-0.0219123
-0.0194247
-0.0222055
-0.0202596
-0.0221989
-0.0195503
-0.0221704
-0.0191916
-0.0239915
-0.0211866
-0.0206934
-0.0222206
-0.0192255
-0.0227063
-0.0207154
-0.0209542
-0.0212278
-0.0186197
-0.0238091
-0.0190023
-0.0210363
-0.0191784
-0.0191747
-0.02065
-0.0189694
-0.0219131
-0.0190351
-0.0191821
-0.020926
-0.0208895
-0.0207086
-0.0209442
-0.0188194
-0.0207012
-0.0193562
-0.020959
-0.0194388
-0.0207711
-0.020787
-0.0196852
-0.019472
-0.0205164
-0.0215728
-0.0190623
-0.0221222
-0.0191895
-0.020506
-0.0193643
-0.0203296
-0.0191392
-0.0176882
-0.0197112
-0.0220206
-0.015913
-0.022376
-0.019625
-0.0188769
-0.0207007
-0.0208219
-0.0166439
-0.0203466
-0.0189424
-0.0201122
-0.0205998
-0.0152806
-0.020581
-0.0183985
-0.018979
-0.0191318
-0.0179318
-0.0191899
-0.0202854
-0.0193207
-0.0191821
-0.0196852
-0.0149295
-0.0222463
-0.0175033
-0.0195817
-0.0187768
-0.0191899
-0.0181239
-0.0181506
-0.0188796
-0.0190525
-0.0176227
-0.0176719
-0.0183709
-0.020571
-0.0178281
-0.0178857
-0.0169068
-0.0205276
-0.0166927
-0.0175864
-0.0206941
-0.0160267
-0.0180206
-0.0158554
-0.0220089
-0.0161138
-0.0210568
-0.0163187
-0.0165995
-0.0175794
-0.0180803
-0.0208723
-0.0143165
-0.0191899
-0.0179929
-0.0165488
-0.0176544
-0.0185101
-0.0161129
-0.0182737
-0.0190372
-0.0166065
-0.0161631
-0.0184284
-0.0175439
-0.0165857
-0.0160695
-0.0165935
-0.0191466
-0.0196095
-0.0208063
-0.0167295
-0.0188729
-0.019075
-0.0175546
-0.019474
-0.0225196
-0.0176639
-0.01733
-0.0190728
-0.0181307
-0.0222294
-0.0149959
-0.0190373
-0.0195225
-0.017758
-0.0207985
-0.0181016
-0.0197098
-0.0188765
-0.0181896
-0.0172285
-0.0196526
-0.0222802
-0.016272
-0.0203301
-0.0210085
-0.0176132
-0.0180835
-0.0195658
-0.0206404
-0.0175568
-0.0166775
-0.0196522
-0.0187359
-0.0208493
-0.0166775
-0.0196522
-0.0190295
-0.0190724
-0.0174309
-0.0197597
-0.0183426
-0.0181045
-0.0177576
-0.020129
-0.019543
-0.0205801
-0.0158891
-0.0195654
-0.0190802
-0.0184543
-0.0196174
-0.0195226
-0.0176206
-0.0181367
-0.0180013
-0.0193314
-0.0191813
-0.0162848
-0.0210398
-0.0189072
-0.0183232
-0.0168573
-0.0180627
-0.0196221
-0.0163695
-0.0208063
-0.0194017
-0.0190629
-0.0164292
-0.0176132
-0.019566
-0.0190295
-0.0164721
-0.017527
-0.0209829
-0.0177068
-0.0180938
-0.0180068
-0.0158887
-0.0210482
-0.0180938
-0.0160544
-0.0179565
-0.0177225
-0.0196614
-0.0194364
-0.017658
-0.0186443
-0.0167803
-0.0175132
-0.0189354
-0.0200593
-0.0168774
-0.0195298
-0.0175132
-0.0200073
-0.0190291
-0.01805
-0.0157809
-0.0182382
-0.0187825
-0.0196083
-0.0172495
-0.0190129
-0.0176431
-0.0176827
-0.0188843
-0.0177959
-0.018425
-0.0189857
-0.0182316
-0.0174191
-0.0196403
-0.0172539
-0.0199995
-0.0171555
-0.0196151
-0.0176072
-0.0215186
-0.0175994
-0.019553
-0.0159906
-0.019501
-0.0166776
-0.0201942
-0.0207547
-0.0183715
-0.0201067
-0.0169223
-0.0205329
-0.0181718
-0.0195965
-0.0190794
-0.0190167
-0.0215628
-0.0182672
-0.0176856
-0.0190167
-0.0213131
-0.0181608
-0.0191107
-0.0214003
-0.0194652
-0.0177302
-0.0219006
-0.018144
-0.0208723
-0.0216611
-0.019453
-0.0220398
-0.0181608
-0.0204203
-0.0205829
-0.0196324
-0.0211881
-0.0190519
-0.0174288
-0.0210442
-0.0210585
-0.0206153
-0.021546
-0.0206153
-0.0210573
-0.0221439
-0.0183589
-0.0243481
-0.0211438
-0.0222175
-0.0221055
-0.0232116
-0.0251887
-0.0207374
-0.0136852
-0.0173983
-0.018608
-0.0205648
-0.0208321
-0.0211433
-0.0206153
-0.0144674
-0.0165995
-0.0180926
-0.0206944
-0.0221215
-0.0210015
-0.0161962
-0.0196024
-0.0236921
-0.0233046
-0.0256833
-0.0192098
-0.0170487
-0.019303
-0.0223119
-0.0251475
-0.0231967
-0.0190728
-0.0180804
-0.0205471
-0.0217008
-0.0251546
-0.0242532
-0.0160366
-0.0186184
-0.0216277
-0.0236914
-0.0236843
-0.0156091
-0.0180637
-0.0221795
-0.0245739
-0.0251472
-0.0164151
-0.0176639
-0.0237136
-0.0213051
-0.0256831
-0.019156
-0.0184636
-0.0192531
-0.0242204
-0.0266661
-0.020633
-0.0151508
-0.0212094
-0.0253609
-0.0196535
-0.0181238
-0.0190451
-0.023928
-0.0218949
-0.0254964
-0.0211942
-0.0175782
-0.0185403
-0.0244714
-0.0252844
-0.0221671
-0.0155571
-0.0195346
-0.0224316
-0.0233797
-0.0263873
-0.0181625
-0.0176726
-0.019065
-0.025748
-0.0243499
-0.017614
-0.0174416
-0.0201036
-0.02273
-0.0242297
-0.0246844
-0.0166637
-0.0193051
-0.0221795
-0.0213558
-0.0272452
-0.0206837
-0.0161207
-0.0201896
-0.025609
-0.0253428
-0.0222606
-0.0189143
-0.0166885
-0.0204558
-0.026424
-0.0237234
-0.0166237
-0.0191899
-0.0214044
-0.0246999
-0.0212297
-0.0239212
-0.0174937
-0.0172575
-0.0237351
-0.0254534
-0.0252416
-0.0158867
-0.0162074
-0.0251316
-0.0254968
-0.0218195
-0.0221005
-0.0176464
-0.0226118
-0.0203301
-0.0254531
-0.0237351
-0.0176888
-0.0179671
-0.0239993
-0.0238049
-0.0268289
-0.0223623
-0.0171646
-0.0180192
-0.0238445
-0.0222608
-0.0251906
-0.0253674
-0.0163339
-0.0194342
-0.0220927
-0.0251983
-0.0269851
-0.0198941
-0.0183935
-0.0235703
-0.0250762
-0.0238134
-0.0268537
-0.0206334
-0.018322
-0.0206239
-0.0223673
-0.0257274
-0.0246156
-0.0255832
-0.0237058
-0.0181239
-0.0186092
-0.0269367
-0.0236843
-0.0257271
-0.0262553
-0.0248588
-0.0192324
-0.0195381
-0.0241254
-0.0236843
-0.0270253
-0.0287395
-0.0238645
-0.0279939
-0.0216608
-0.0185716
-0.023921
-0.0253478
-0.0258302
-0.0280074
-0.0253904
-0.0207711
-0.0210996
-0.0220439
-0.0240782
-0.0283744
-0.0281625
-0.0232147
-0.0286726
-0.0268975
-0.0288256
-0.0290035
-0.0253831
-0.0285371
-0.0256824
-0.0306333
-0.0255353
-0.0270111
-0.0272461
-0.0269947
-0.0268464
-0.0302458
-0.0254414
-0.0206241
-0.0222719
-0.0257974
-0.0333715
-0.0259064
-0.026803
-0.0273901
-0.0210402
-0.0260834
-0.0250701
-0.0274253
-0.0265294
-0.0319156
-0.0270588
-0.019691
-0.0209077
-0.0251641
-0.0274332
-0.0315271
-0.0269405
-0.0305518
-0.0305042
-0.0221348
-0.0210552
-0.0237062
-0.0329373
-0.0266357
-0.026903
-0.0251825
-0.0258176
-0.023321
-0.0244888
-0.0294042
-0.0257827
-0.0284754
-0.026796
-0.0251227
-0.0302437
-0.0254192
-0.0283232
-0.0285808
-0.0300107
-0.0222643
-0.0191165
-0.0261635
-0.0283817
-0.0295925
-0.0262272
-0.030641
-0.0298875
-0.0257075
-0.0218939
-0.0248655
-0.0325391
-0.0237707
-0.0257389
-0.0284279
-0.0251278
-0.0283667
-0.0283662
-0.0269942
-0.0314535
-0.0299676
-0.0239079
-0.030228
-0.0252223
-0.0345938
-0.029084
-0.0268222
-0.0253904
-0.031701
-0.0273303
-0.0316067
-0.0284962
-0.0333462
-0.0160701
-0.0220684
-0.0237583
-0.0238812
-0.027339
-0.0282725
-0.031396
-0.0314898
-0.0211855
-0.0203895
-0.0223577
-0.0302455
-0.0269265
-0.0317667
-0.0286666
-0.0206578
-0.0197936
-0.0284745
-0.0251712
-0.0299241
-0.0313228
-0.017965
-0.0187056
-0.0226853
-0.0271241
-0.0264973
-0.0281996
-0.0303297
-0.0283026
-0.0186981
-0.0207515
-0.0259025
-0.0268604
-0.0297138
-0.0297506
-0.0320871
-0.0253711
-0.026388
-0.0293299
-0.0288524
-0.0228853
-0.0179043
-0.0218258
-0.0256057
-0.0249331
-0.0282712
-0.0242602
-0.0251209
-0.0282207
-0.0254196
-0.0259105
-0.0284923
-0.0284178
-0.0285788
-0.0305963
-0.0298449
-0.0237781
-0.0286784
-0.0273461
-0.0271931
-0.0269336
-0.0242072
-0.0267516
-0.0263842
-0.0282205
-0.0197588
-0.0279682
-0.0249327
-0.0250345
-0.0243471
-0.0263677
-0.0254776
-0.0262308
-0.0288669
-0.0299908
-0.0254011
-0.0267209
-0.0240222
-0.0311454
-0.0253478
-0.0238867
-0.0251943
-0.0276365
-0.0279774
-0.0195632
-0.0242597
-0.0231162
-0.0235219
-0.0231614
-0.0256936
-0.0264769
-0.0220449
-0.026725
-0.0228412
-0.0252975
-0.0315086
-0.0212831
-0.0271047
-0.0211365
-0.0264798
-0.0267035
-0.0218078
-0.0234929
-0.0217417
-0.0212439
-0.0264548
-0.0262737
-0.0219083
-0.020974
-0.023349
-0.0220965
-0.0252366
-0.0253059
-0.0235803
-0.0236834
-0.0249716
-0.02438
-0.0247283
-0.0286495
-0.0182787
-0.022625
-0.0225825
-0.0264792
-0.0217493
-0.0261005
-0.0212205
-0.0167521
-0.0234287
-0.0226071
-0.0220188
-0.023291
-0.0218296
-0.02438
-0.0204979
-0.0252111
-0.0235798
-0.0224267
-0.0231394
-0.0232549
-0.0251456
-0.0208967
-0.0281343
-0.0198328
-0.0201931
-0.0244507
-0.0213763
-0.0231673
-0.0219087
-0.0234881
-0.0219749
-0.0216624
-0.0242327
-0.0225071
-0.0249639
-0.0204125
-0.0227119
-0.0252646
-0.0219164
-0.0258486
-0.0212508
-0.0291262
-0.0171199
-0.0234989
-0.0222794
-0.0236017
-0.0218602
-0.021135
-0.0223644
-0.0236998
-0.0217595
-0.0234532
-0.0273674
-0.0183246
-0.0217862
-0.0236271
-0.0241028
-0.023958
-0.025114
-0.0203111
-0.0213474
-0.020254
-0.0273334
-0.0201083
-0.0196884
-0.0215049
-0.0234201
-0.017575
-0.0201232
-0.0183472
-0.0235171
-0.0227331
-0.0219687
-0.0217867
-0.018867
-0.0220435
-0.0234609
-0.0219602
-0.023647
-0.0179971
-0.020159
-0.0223738
-0.0210541
-0.0234588
-0.0201814
-0.0176352
-0.0207357
-0.0231796
-0.0156443
-0.0199228
-0.0200911
-0.0213145
-0.0201595
-0.0280625
-0.0130365
-0.0197057
-0.0215437
-0.0219938
-0.0186925
-0.0242534
-0.0216494
-0.0182959
-0.0207085
-0.0184376
-0.0197069
-0.0219431
-0.0247208
-0.0159722
-0.018722
-0.0212137
-0.0211672
-0.0216935
-0.0186491
-0.0164274
-0.0180998
-0.0216736
-0.0184759
-0.0201267
-0.0188284
-0.016885
-0.0203217
-0.0182476
-0.0197492
-0.0183058
-0.0184566
-0.0264178
-0.021271
-0.0197072
-0.0168971
-0.0213219
-0.0193023
-0.0201372
-0.0188378
-0.0222704
-0.0164337
-0.0154229
-0.00915851
-0.011064
-0.0117685
-0.0156105
-0.0199361
-0.0151041
-0.0164067
-0.0164198
-0.0189031
-0.020329
-0.0182731
-0.0200374
-0.0228535
-0.0184258
-0.0166242
-0.0186062
-0.0211182
-0.019598
-0.0170433
-0.0184498
-0.0201275
-0.0223749
-0.0134127
-0.0155247
-0.0200147
-0.0185633
-0.0160667
-0.0218724
-0.0190351
-0.0186646
-0.0195331
-0.021889
-0.0218652
-0.0152388
-0.0211418
-0.0202783
-0.0230367
-0.01731
-0.01538
-0.0204358
-0.0168927
-0.016276
-0.0167415
-0.0185271
-0.0168201
-0.0179097
-0.0170361
-0.0200846
-0.017094
-0.0213208
-0.0185556
-0.0216513
-0.0201346
-0.0173996
-0.0195773
-0.0186507
-0.0174519
-0.0226904
-0.0154046
-0.0153222
-0.016646
-0.0181637
-0.0152716
-0.0168914
-0.0183205
-0.0145672
-0.0171411
-0.0161899
-0.0178628
-0.0180656
-0.0185457
-0.0175697
-0.0158358
-0.0175447
-0.0187637
-0.0207395
-0.0200849
-0.0202199
-0.0186702
-0.0153371
-0.0152893
-0.0181009
-0.0163911
-0.0168549
-0.0166903
-0.0179739
-0.0167838
-0.0169922
-0.0168958
-0.0194901
-0.0171726
-0.0198385
-0.0192236
-0.0177588
-0.0169927
-0.0200411
-0.0226741
-0.0182049
-0.0142045
-0.0155432
-0.0183385
-0.0155632
-0.0217617
-0.0136835
-0.0161381
-0.0153336
-0.0185387
-0.0170041
-0.017996
-0.0183634
-0.018502
-0.0170862
-0.0212294
-0.0177994
-0.0198649
-0.0201165
-0.0182823
-0.0180136
-0.0203501
-0.0203474
-0.0139883
-0.0155776
-0.0137285
-0.0185326
-0.0148707
-0.0185204
-0.0200345
-0.0165788
-0.0181003
-0.01853
-0.0200286
-0.023335
-0.0176437
-0.0201952
-0.0201227
-0.023393
-0.0212263
-0.0249836
-0.0194292
-0.0188501
-0.0225877
-0.0187519
-0.0229937
-0.0217666
-0.0192456
-0.0215326
-0.0168595
-0.0201947
-0.0224343
-0.0185175
-0.0215254
-0.0185879
-0.022895
-0.0187471
-0.0202008
-0.0216219
-0.0223225
-0.0202096
-0.0208895
-0.0216123
-0.0229384
-0.0233926
-0.0222345
-0.0136302
-0.0220705
-0.0181831
-0.0187177
-0.0225842
-0.0182156
-0.0201353
-0.0205802
-0.019515
-0.01984
-0.0217282
-0.0195403
-0.0195585
-0.018369
-0.0230466
-0.0186318
-0.0206808
-0.0232993
-0.0171127
-0.019959
-0.0195581
-0.0179732
-0.0216797
-0.017156
-0.0209751
-0.021466
-0.0186313
-0.0183442
-0.0180815
-0.0178725
-0.0200649
-0.0185874
-0.0167024
-0.022664
-0.0175564
-0.0185956
-0.0182117
-0.0194033
-0.0190736
-0.0215924
-0.0172854
-0.0186241
-0.0215249
-0.0153124
-0.0191432
-0.0185807
-0.0152614
-0.0185153
-0.0200278
-0.015509
-0.0166358
-0.0171633
-0.0195152
-0.0154718
-0.017185
-0.0195452
-0.0158006
-0.0169753
-0.0198483
-0.0171449
-0.0166714
-0.0187418
-0.0170336
-0.0179371
-0.0200485
-0.0153047
-0.0154151
-0.0179805
-0.016453
-0.0187053
-0.0171142
-0.0165195
-0.0181818
-0.0184508
-0.0171655
-0.0195401
-0.0179735
-0.0170336
-0.0165774
-0.0181827
-0.0184074
-0.0155857
-0.0199621
-0.016279
-0.0170332
-0.0185371
-0.0169251
-0.0155357
-0.0167653
-0.0169396
-0.0175919
-0.0155357
-0.0183928
-0.0170255
-0.0189351
-0.0155428
-0.0185375
-0.0185801
-0.0169319
-0.0179825
-0.0193581
-0.0166789
-0.018065
-0.0161116
-0.021992
-0.0153492
-0.0169315
-0.0155443
-0.0184865
-0.0167143
-0.0169765
-0.0188314
-0.0167653
-0.0184788
-0.0169255
-0.0180185
-0.0184933
-0.0171061
-0.0170122
-0.0188228
-0.0199989
-0.0152404
-0.0160928
-0.0206704
-0.0170985
-0.0168679
-0.0173466
-0.0167649
-0.0217574
-0.0184813
-0.0146303
-0.0209607
-0.020085
-0.01524
-0.0203147
-0.018517
-0.0200823
-0.0185167
-0.0188433
-0.0201891
-0.0183856
-0.0184307
-0.0202296
-0.0166643
-0.0186664
-0.0192101
-0.0179665
-0.018517
-0.0184667
-0.0215019
-0.0171614
-0.0170628
-0.0107843
-0.0139372
-0.0202326
-0.0168465
-0.0170122
-0.0118683
-0.0185177
-0.0212715
-0.0198536
-0.0177876
-0.0194697
-0.0176528
-0.0200773
-0.0193127
-0.0196574
-0.0199445
-0.0185597
-0.0157752
-0.0103281
-0.0154809
-0.0183727
-0.0144867
-0.0103709
-0.0139207
-0.020034
-0.0190532
-0.0126363
-0.0145182
-0.018582
-0.0209175
-0.0180104
-0.0197196
-0.0211072
-0.0196842
-0.0187592
-0.0181799
-0.0175747
-0.021134
-0.0124355
-0.0122904
-0.0160241
-0.018517
-0.0118702
-0.0138934
-0.0158621
-0.0185674
-0.0194291
-0.0204593
-0.0193957
-0.0143274
-0.0119132
-0.0166252
-0.0170517
-0.0217101
-0.0192256
-0.0209406
-0.0163803
-0.0210503
-0.0132855
-0.0132686
-0.015422
-0.0209069
-0.0185597
-0.0128468
-0.0125062
-0.0150028
-0.019922
-0.0186171
-0.021311
-0.0211663
-0.0140142
-0.014616
-0.0158995
-0.019614
-0.0200236
-0.0190443
-0.0207254
-0.0182873
-0.0186997
-0.0132663
-0.0154452
-0.0194842
-0.0185601
-0.0174687
-0.0214899
-0.0193695
-0.0123771
-0.011323
-0.0200831
-0.0209474
-0.0185088
-0.0146426
-0.0138076
-0.0154654
-0.0193489
-0.0200593
-0.0196791
-0.0226266
-0.0188953
-0.0139718
-0.0122584
-0.0163765
-0.0174874
-0.0186537
-0.0214538
-0.0210365
-0.0141645
-0.0106126
-0.0139367
-0.0203363
-0.0140432
-0.0145146
-0.0114916
-0.0147863
-0.0174121
-0.019417
-0.0166025
-0.019247
-0.0198933
-0.0170798
-0.0194343
-0.0176317
-0.01998
-0.0184661
-0.01943
-0.0171845
-0.00918238
-0.0123333
-0.0151041
-0.0194959
-0.0113975
-0.0145285
-0.0163225
-0.0191926
-0.018524
-0.0118279
-0.0110542
-0.0182263
-0.0171019
-0.018464
-0.0204445
-0.0187666
-0.0166567
-0.0184728
-0.0200664
-0.0185747
-0.00931117
-0.0137478
-0.015214
-0.0168995
-0.0122904
-0.0122619
-0.0189588
-0.0192458
-0.0124121
-0.0109109
-0.0148401
-0.0194094
-0.0171546
-0.0170819
-0.0195601
-0.0169575
-0.0198933
-0.0194077
-0.0195604
-0.0170008
-0.0168565
-0.0113461
-0.0129461
-0.0166659
-0.0167449
-0.0129061
-0.012445
-0.015242
-0.0168856
-0.0209592
-0.0204729
-0.0166565
-0.0120536
-0.0108605
-0.0183536
-0.0184734
-0.0185147
-0.0152136
-0.0184224
-0.0170591
-0.0190962
-0.0133364
-0.0167257
-0.0185371
-0.00958135
-0.01038
-0.0168692
-0.0184714
-0.019539
-0.0162465
-0.0108962
-0.0122752
-0.0157707
-0.0179671
-0.018464
-0.0184304
-0.0210281
-0.0165378
-0.018421
-0.0170082
-0.0176406
-0.0194432
-0.0181481
-0.0185164
-0.0172769
-0.0179146
-0.0169252
-0.0110735
-0.0154297
-0.0179273
-0.018421
-0.0189403
-0.0182775
-0.0181398
-0.021702
-0.0190691
-0.0192464
-0.0219113
-0.0185161
-0.0191988
-0.0199442
-0.018057
-0.0199946
-0.0208709
-0.0232457
-0.0211337
-0.018541
-0.0147629
-0.0201441
-0.0255926
-0.0187214
-0.0151775
-0.018568
-0.0231445
-0.027024
-0.0185841
-0.0195302
-0.0156005
-0.0186661
-0.0264037
-0.0210369
-0.0244646
-0.0164626
-0.0216745
-0.0163917
-0.0214975
-0.0231903
-0.0172399
-0.0119565
-0.0218377
-0.0218192
-0.0199485
-0.0149762
-0.0229727
-0.0248248
-0.0200845
-0.0135872
-0.0187227
-0.026925
-0.0200233
-0.0225968
-0.0248611
-0.0199703
-0.012384
-0.0197313
-0.02618
-0.0193489
-0.0153991
-0.0193803
-0.0155528
-0.0240037
-0.0178649
-0.0120391
-0.018502
-0.0250805
-0.0222947
-0.024217
-0.0155306
-0.0207664
-0.0150196
-0.0231162
-0.0214972
-0.0245678
-0.0215839
-0.0163648
-0.0171567
-0.0180056
-0.0210471
-0.0246655
-0.0231894
-0.0184498
-0.0145156
-0.0225445
-0.0201637
-0.0214725
-0.0209746
-0.0164261
-0.0172082
-0.0227784
-0.0212294
-0.0263897
-0.0194507
-0.0261943
-0.0226525
-0.0216346
-0.0246123
-0.0216827
-0.0226405
-0.0216393
-0.0246644
-0.0231532
-0.0187849
-0.0170698
-0.0186238
-0.0231491
-0.0241157
-0.0226902
-0.0202354
-0.0140741
-0.0196413
-0.0171731
-0.0170461
-0.0152932
-0.0165561
-0.0218438
-0.0232948
-0.02169
-0.0178834
-0.0170693
-0.0246826
-0.0216896
-0.0225971
-0.0212913
-0.0150996
-0.0155493
-0.0226528
-0.0230591
-0.0221313
-0.0231459
-0.0240285
-0.0216177
-0.0201942
-0.0171864
-0.0170501
-0.0216325
-0.0250268
-0.0210905
-0.02324
-0.0216321
-0.0228913
-0.0240855
-0.0199567
-0.0169214
-0.0187655
-0.0210465
-0.0203011
-0.0231673
-0.0149462
-0.015629
-0.0223999
-0.0199369
-0.0232385
-0.0208841
-0.0231098
-0.0231463
-0.0230893
-0.0240723
-0.020142
-0.0247822
-0.0246047
-0.0226396
-0.02169
-0.0141373
-0.0184084
-0.0201711
-0.0242166
-0.0217691
-0.0181881
-0.0166002
-0.0165649
-0.0245291
-0.0231158
-0.0240289
-0.0233398
-0.0178358
-0.0262587
-0.0227831
-0.0229654
-0.0233561
-0.0199109
-0.0225657
-0.0243426
-0.0027715
-0.00114728
-0.00386954
-0.00713868
-0.0111853
-0.0231827
-0.0135369
-0.0169565
-0.0216624
-0.019318
-0.0214767
-0.0281621
-0.0199611
-0.0256356
-0.0231821
-0.0214205
-0.0246659
-0.0231664
-0.0211646
-0.0231516
-0.0231491
-0.0246156
-0.0241591
-0.0214811
-0.0258276
-0.0145649
-0.0165788
-0.0217412
-0.0240187
-0.0241026
-0.0224804
-0.0153155
-0.0185832
-0.0192483
-0.0263456
-0.0215245
-0.0231969
-0.027157
-0.0215827
-0.024924
-0.0232328
-0.0240855
-0.0229885
-0.026352
-0.018965
-0.0272004
-0.0232022
-0.0200654
-0.0168576
-0.0195734
-0.0232537
-0.0231429
-0.0262213
-0.0228475
-0.0246225
-0.0233485
-0.0245718
-0.0243479
-0.0245794
-0.0233069
-0.024637
-0.0225962
-0.0248181
-0.0228435
-0.0261867
-0.0251211
-0.0123221
-0.0171302
-0.0234298
-0.0240733
-0.0243317
-0.0186169
-0.0184335
-0.0182208
-0.021969
-0.0229984
-0.0242606
-0.0259504
-0.0231025
-0.0232563
-0.0261002
-0.0226533
-0.0233402
-0.0228926
-0.0232896
-0.0241161
-0.0257306
-0.0232084
-0.0241596
-0.0261006
-0.0141295
-0.0168644
-0.0226765
-0.0228052
-0.0231516
-0.0265944
-0.0211763
-0.0261513
-0.0231959
-0.0231505
-0.0242175
-0.0216325
-0.0263248
-0.0213268
-0.0241746
-0.0262378
-0.0215169
-0.0232584
-0.0237136
-0.0246088
-0.0247604
-0.0250207
-0.0241743
-0.0233036
-0.0262127
-0.0248953
-0.0240734
-0.0232968
-0.0217261
-0.0249331
-0.0257381
-0.0216543
-0.0217844
-0.0249008
-0.0226675
-0.024775
-0.0231525
-0.0217561
-0.0217179
-0.0247279
-0.0207909
-0.0212498
-0.0242322
-0.0230013
-0.0229648
-0.0230635
-0.0196284
-0.0216982
-0.0245949
-0.0216471
-0.0227564
-0.0216041
-0.0217064
-0.0218334
-0.0223259
-0.0206814
-0.0199906
-0.021862
-0.0210186
-0.0206359
-0.0228489
-0.0194302
-0.0211657
-0.0188266
-0.0230896
-0.0206829
-0.0211965
-0.0205076
-0.0200065
-0.022625
-0.0184136
-0.0167655
-0.0200995
-0.022443
-0.0154773
-0.0214313
-0.0169029
-0.0206541
-0.0215177
-0.0184953
-0.0185809
-0.0196878
-0.0185016
-0.0153047
-0.0193115
-0.0197838
-0.0169323
-0.0189539
-0.0200214
-0.018108
-0.0167221
-0.0200055
-0.0170263
-0.017674
-0.0169607
-0.0184871
-0.0184945
-0.0200201
-0.0184003
-0.017077
-0.0177668
-0.016371
-0.0185951
-0.0167657
-0.018408
-0.0187336
-0.0169173
-0.0190393
-0.0163157
-0.0181471
-0.0185884
-0.0169684
-0.0164015
-0.0194721
-0.0199553
-0.0138814
-0.0181832
-0.0195584
-0.0169757
-0.0185445
-0.0201175
-0.0183079
-0.0215426
-0.0184234
-0.0201083
-0.0195585
-0.0173737
-0.0225399
-0.0142839
-0.019664
-0.0201083
-0.0199553
-0.0204241
-0.0165636
-0.0216557
-0.0200142
-0.0200055
-0.0181704
-0.018545
-0.0193279
-0.0182859
-0.0211236
-0.018416
-0.0217758
-0.0157845
-0.0180386
-0.0216296
-0.0172296
-0.020098
-0.0158683
-0.0183002
-0.0201011
-0.0177439
-0.019978
-0.01838
-0.0185454
-0.0180038
-0.0183787
-0.0185473
-0.0183007
-0.0177781
-0.0184007
-0.0186925
-0.0184219
-0.0174869
-0.0182273
-0.0167379
-0.0167302
-0.0221755
-0.0148437
-0.0220149
-0.018531
-0.0180384
-0.0185454
-0.0168773
-0.0200224
-0.0195156
-0.0202138
-0.0182501
-0.018736
-0.0213847
-0.018599
-0.0142276
-0.00596272
-0.00155234
-0.00127416
-0.0157475
-0.0120917
-0.0159675
-0.0170862
-0.018243
-0.0136751
-0.013505
-0.014382
-0.0184948
-0.01617
-0.0135424
-0.018365
-0.0153502
-0.0149085
-0.017822
-0.0152782
-0.0154588
-0.0167301
-0.0157799
-0.0151177
-0.0169922
-0.0182507
-0.0134985
-0.0143757
-0.0166868
-0.0148559
-0.0155793
-0.0158272
-0.016983
-0.0112218
-0.0192989
-0.0138387
-0.0135571
-0.0185556
-0.0163469
-0.0105512
-0.0183646
-0.0163656
-0.013499
-0.0138258
-0.0199206
-0.0127253
-0.0149149
-0.0166868
-0.0122668
-0.0150671
-0.0179377
-0.0143082
-0.0150577
-0.0160643
-0.0156979
-0.0137373
-0.0144918
-0.01511
-0.0163469
-0.0137447
-0.0145868
-0.018199
-0.0134847
-0.0136679
-0.0183879
-0.0122853
-0.0150016
-0.0119542
-0.020119
-0.0151028
-0.0128203
-0.0190241
-0.00932615
-0.0195161
-0.0090237
-0.0165933
-0.00933385
-0.0183376
-0.00869181
-0.0199713
-0.00747745
-0.0198353
-0.0110407
-0.00995905
0.00187817
0.000420693
-0.0170815
-0.00289148
-0.0168987
-0.0167475
-0.0128509
-0.0167589
-0.00990326
-0.0179527
-0.0135722
-0.0167318
-0.0138131
-0.013913
-0.0169213
-0.00939346
-0.0167689
-0.0166238
-0.0105892
-0.0188283
-0.00912561
-0.0195343
-0.0139983
-0.0148161
-0.0100745
-0.0184692
-0.0118983
-0.0132655
-0.0153873
-0.0201896
-0.0109602
-0.00917507
-0.0151998
-0.0150178
-0.0130418
-0.0106402
-0.0137405
-0.0103967
-0.00924805
-0.0123108
-0.0120622
-0.00874046
-0.0165404
-0.0120153
-0.015073
-0.00750786
-0.0129989
-0.0164574
-0.0169927
-0.0180163
-0.0155581
-0.0188357
-0.0172358
-0.0181462
-0.0203383
-0.0121133
-0.0200697
-0.0133703
-0.0199023
-0.0105467
-0.0201131
-0.0133698
-0.0168023
-0.0156402
-0.0139217
-0.0164956
-0.01293
-0.0184867
-0.0163996
-0.0141985
-0.0183674
-0.0126964
-0.0189183
-0.0127364
-0.0107606
-0.0151414
-0.0106404
-0.0216751
-0.0122497
-0.0169426
-0.0152276
-0.0146369
-0.0152716
-0.0135293
-0.0214159
-0.0103952
-0.0222704
-0.0106329
-0.0198789
-0.014455
-0.0170119
-0.0167838
-0.012706
-0.020686
-0.0090071
-0.0183568
-0.0153873
-0.0150373
-0.0152282
-0.0199976
-0.0138272
-0.0169603
-0.0138349
-0.0163709
-0.0135293
-0.0175121
-0.0121489
-0.020215
-0.0136233
-0.0163568
-0.0184837
-0.0178925
-0.01567
-0.0128365
-0.0200094
-0.0128637
-0.0153073
-0.0229399
-0.0169542
-0.0165462
-0.0105221
-0.0179977
-0.0231644
-0.0166283
-0.0136552
-0.0171144
-0.0233146
-0.0175792
-0.0127284
-0.0152862
-0.0152903
-0.0177193
-0.0101721
-0.0130225
-0.0181093
-0.0215535
-0.00723213
-0.0119356
-0.0135655
-0.0167216
-0.0135226
-0.00855199
-0.0134701
-0.0132832
-0.0137125
-0.00426271
-0.0150706
-0.0103593
-0.00783943
-0.00967081
-0.0117748
-0.00712298
-0.00888325
-0.00469357
-0.00909393
-0.00242411
-0.00828455
-0.00529837
-0.00211177
0.00102877
0.00289085
-0.00510066
0.00430726
0.00267327
0.00306661
0.00988561
0.00482343
0.0110582
0.0143362
0.0158768
0.0114848
0.0191334
0.023819
0.019912
0.0284184
0.0284932
0.0325863
0.0388871
0.036408
0.0423445
0.0421724
0.0506434
0.0517447
0.0531764
0.0597984
0.0594951
0.0696897
0.0684208
0.0774255
0.0811683
0.0843958
0.0885635
0.0958899
0.105252
0.113511
0.119883
0.125822
0.134285
0.140968
0.150356
0.15311
0.167798
0.177229
0.1764
0.191132
0.207465
0.208781
0.219913
0.23406
0.243055
0.24807
0.258296
0.267781
0.271337
0.29057
0.305772
0.314217
0.336915
0.354176
0.353402
0.374259
0.389873
0.407685
0.428401
0.442344
0.457232
0.488961
0.513645
0.532639
0.549074
0.567323
0.603332
0.624847
0.641002
0.651443
0.665211
0.67632
0.688869
0.697447
0.710475
0.744964
0.751942
0.799922
0.837551
0.859222
0.883077
0.911125
0.934921
0.962437
0.992375
1.01609
1.04183
1.07815
1.10101
1.12583
1.15679
1.18278
1.20837
1.2374
1.26822
1.29092
1.31552
1.33662
1.36078
1.3821
1.40032
1.41806
1.43421
1.45248
1.46117
1.46448
1.47598
1.48713
1.49704
1.50491
1.50477
1.5116
1.51409
1.50819
1.50928
1.50289
1.50424
1.49582
1.49334
1.48942
1.48008
1.46883
1.45122
1.43831
1.42797
1.40235
1.37891
1.35653
1.32872
1.29918
1.27828
1.24817
1.22596
1.19637
1.16488
1.13482
1.10493
1.07514
1.04963
1.02085
0.99783
0.959835
0.935436
0.914353
0.887099
0.851736
0.838481
0.801371
0.782576
0.76094
0.740925
0.71112
0.686503
0.686267
0.652374
0.636546
0.620978
0.604545
0.582482
0.579647
0.560954
0.544246
0.527073
0.498603
0.477112
0.451293
0.433608
0.41676
0.405375
0.381983
0.366924
0.362214
0.357834
0.323922
0.314686
0.293194
0.297327
0.282009
0.296085
0.287239
0.283672
0.27292
0.274091
0.266469
0.253618
0.251217
0.238814
0.233007
0.231092
0.221045
0.224411
0.213896
0.210093
0.204449
0.203623
0.196815
0.195146
0.191627
0.180788
0.180629
0.170028
0.168438
0.165078
0.158962
0.158034
0.151953
0.147984
0.146278
0.143109
0.139969
0.142698
0.131898
0.131327
0.128544
0.128823
0.128597
0.129917
0.130824
0.124135
0.124151
0.125125
0.123437
0.118189
0.109968
0.112769
0.108381
0.106245
0.101915
0.100813
0.103653
0.0987043
0.0971567
0.0973121
0.0931714
0.0960357
0.100074
0.090311
0.088857
0.0863115
0.0833839
0.0846046
0.0828179
0.0842941
0.0803657
0.0801483
0.0811078
0.0788324
0.0816907
0.0803038
0.0814194
0.0757286
0.0805109
0.0776782
0.0812948
0.0774622
0.0812169
0.0777871
0.0775232
0.0807123
0.078951
0.0753471
0.0767842
0.0759826
0.0744164
0.0740409
0.0806792
0.0732552
0.0747116
0.0775085
0.0744544
0.078523
0.071194
0.0679443
0.074135
0.0780552
0.0772126
0.0807587
0.0721167
0.0755838
0.0712356
0.0768584
0.0781163
0.0816285
0.078396
0.0776015
0.0794865
0.0787845
0.0771761
0.0790963
0.0775127
0.0795767
0.0766319
0.0810339
0.0761818
0.086489
0.0789115
0.080935
0.0817382
0.0826081
0.0839581
0.0843988
0.0814311
0.0892859
0.0850692
0.0763383
0.0843665
0.0879679
0.0876112
0.086192
0.0859285
0.0895042
0.0892046
0.0892013
0.092315
0.0899049
0.0899085
0.0979304
0.0912537
0.0971392
0.0959847
0.0991863
0.102118
0.103567
0.10463
0.105412
0.107446
0.111616
0.11196
0.110721
0.110628
0.117674
0.115135
0.118091
0.116116
0.121882
0.123988
0.126144
0.127271
0.131185
0.134494
0.132957
0.132142
0.13797
0.13361
0.136619
0.137216
0.136125
0.140112
0.138139
0.136928
0.141812
0.139873
0.138162
0.140122
0.138448
0.141618
0.139827
0.137681
0.140853
0.142572
0.140566
0.139758
0.143579
0.143749
0.14201
0.144862
0.14179
0.144807
0.148106
0.1461
0.148549
0.148143
0.152852
0.149814
0.152043
0.151423
0.151364
0.150693
0.153533
0.156086
0.158579
0.157611
0.164157
0.170327
0.173529
0.169426
0.174633
0.184003
0.180174
0.183073
0.18491
0.184915
0.186434
0.199399
0.193731
0.200915
0.203468
0.211289
0.221576
0.227857
0.216707
0.241849
0.218419
0.238363
0.235201
0.239686
0.253474
0.250153
0.252011
0.257577
0.239779
0.262542
0.256167
0.239624
0.273789
0.257936
0.230689
0.285482
0.239806
0.294483
0.242406
0.289413
0.235535
0.280609
0.242658
0.227374
0.239541
0.230634
0.229037
0.227071
0.256146
0.201935
0.235158
0.25502
0.248694
0.2412
0.222852
0.230464
0.189126
0.25224
0.228311
0.212392
0.168156
0.269452
0.167151
0.189687
0.18349
0.183195
0.180037
0.174178
0.170929
0.161225
0.15829
0.160144
0.159164
0.156485
0.148044
0.147349
0.151612
0.149168
0.144912
0.145492
0.148185
0.13887
0.14752
0.141195
0.151189
0.140011
0.150529
0.142017
0.149855
0.142125
0.151135
0.142888
0.152974
0.154645
0.146496
0.141245
0.154383
0.149569
0.142554
0.151867
0.153181
0.141904
0.153988
0.148117
0.146926
0.149107
0.147358
0.150334
0.145174
0.147988
0.147798
0.149861
0.145258
0.141809
0.153191
0.14373
0.145211
0.145093
0.141809
0.143538
0.137307
0.145787
0.13231
0.138819
0.137049
0.132808
0.127084
0.121505
0.118234
0.122018
0.116514
0.114368
0.113695
0.114896
0.112032
0.105355
0.101839
0.100233
0.10201
0.0938834
0.093143
0.0861545
0.0858512
0.0872842
0.0812733
0.0829638
0.0761482
0.0730523
0.0665482
0.0718248
0.0626329
0.0591159
0.0649978
0.0548365
0.0574874
0.0552738
0.0499372
0.0539465
0.045664
0.0517239
0.0447332
0.0453629
0.0455057
0.042646
0.0380165
0.0404642
0.0360065
0.039585
0.0326564
0.0349275
0.0349599
0.0306271
0.0370632
0.025627
0.0317714
0.0304936
0.0303218
0.026303
0.031821
0.0268421
0.023828
0.0267069
0.0250502
0.0223945
0.0213868
0.0235919
0.0212272
0.020239
0.0178333
0.0212542
0.0161895
0.0216663
0.0171108
0.0169337
0.016723
0.0119723
0.0136879
0.0162824
0.0104788
0.0169303
0.0111738
0.0117664
0.011779
0.0132953
0.00679325
0.0130889
0.00201076
0.00971077
0.0111918
0.00108185
0.00651147
0.00218924
0.00591147
0.00471379
-0.00209715
0.00276058
0.0043162
-0.00584444
0.00605162
-0.00329152
-0.00011988
-0.0112139
0.00184123
0.000723139
-0.00209078
-0.00611655
-0.0112462
-0.00319999
-0.00333265
-0.00708315
-0.0105342
-0.0161938
-0.0100715
-0.00587094
-0.0146114
-0.00838252
-0.0208566
-0.0108732
-0.0115799
-0.0177433
-0.022074
-0.0130026
-0.0175979
-0.0192701
-0.0192611
-0.0228707
-0.0182361
-0.0289086
-0.013307
-0.0209518
-0.0176658
-0.0286267
-0.0244948
-0.0229972
-0.0242336
-0.0278845
-0.019
-0.0287472
-0.0284018
-0.0257668
-0.0323935
-0.0348279
-0.03174
-0.0287158
-0.0352014
-0.0335917
-0.0362765
-0.0320104
-0.0358875
-0.0368951
-0.0388462
-0.0370769
-0.0387048
-0.0388528
-0.0397678
-0.0405522
-0.0411413
-0.0403407
-0.0421006
-0.0412089
-0.0444346
-0.0416947
-0.0422664
-0.0397823
-0.0461036
-0.0418501
-0.0404577
-0.0464394
-0.0457947
-0.0403998
-0.0463379
-0.0427322
-0.0447752
-0.0414306
-0.0418105
-0.0472634
-0.0407271
-0.0464045
-0.0426492
-0.0427754
-0.0413131
-0.0440802
-0.0459862
-0.0427428
-0.0462248
-0.0434902
-0.0457797
-0.0429705
-0.0485356
-0.042985
-0.0483814
-0.05032
-0.0520689
-0.0466891
-0.0548015
-0.0433865
-0.055036
-0.0522122
-0.0527562
-0.0569741
-0.0473241
-0.0566242
-0.0489461
-0.0522827
-0.054807
-0.0581033
-0.0548048
-0.0588274
-0.0503277
-0.0521765
-0.0566124
-0.0515095
-0.0577295
-0.0502841
-0.0531754
-0.0564388
-0.0494684
-0.0580027
-0.0504724
-0.0538055
-0.058595
-0.0521397
-0.053256
-0.0522821
-0.0522227
-0.0551737
-0.0533941
-0.0506526
-0.0566172
-0.0528039
-0.0488906
-0.050123
-0.0531949
-0.0536321
-0.0474596
-0.0524493
-0.0572622
-0.0450042
-0.0488143
-0.0487164
-0.0521409
-0.0472299
-0.0490312
-0.054049
-0.0524337
-0.05191
-0.0518783
-0.0419552
-0.0490775
-0.0457735
-0.0488103
-0.0473301
-0.0461432
-0.0494198
-0.0425288
-0.0473559
-0.0474489
-0.0425336
-0.0504194
-0.0410312
-0.0473677
-0.0423151
-0.0456271
-0.0417964
-0.0458016
-0.0423911
-0.0440994
-0.0411537
-0.0436582
-0.0425218
-0.0427322
-0.0440578
-0.0387733
-0.0458203
-0.0411196
-0.044099
-0.0400132
-0.0475468
-0.0412066
-0.044321
-0.0409887
-0.0479696
-0.0411267
-0.0461614
-0.041754
-0.0443677
-0.0415577
-0.0413054
-0.0455178
-0.0430324
-0.0383735
-0.0462772
-0.039434
-0.0476007
-0.0418751
-0.0431626
-0.042736
-0.0450508
-0.0463822
-0.0414988
-0.043903
-0.0401959
-0.0434269
-0.0430107
-0.0398197
-0.0476783
-0.0386336
-0.0432965
-0.0413043
-0.0404132
-0.0417166
-0.0400728
-0.0382624
-0.0431111
-0.0368256
-0.0432651
-0.0366577
-0.0337522
-0.0422899
-0.034949
-0.0413161
-0.0359491
-0.033941
-0.0398144
-0.030366
-0.0365675
-0.0321279
-0.035113
-0.0336379
-0.0293362
-0.0288607
-0.0335507
-0.0343659
-0.0323665
-0.0252462
-0.03249
-0.0252528
-0.0309488
-0.0347614
-0.0307837
-0.0282145
-0.0179319
-0.0284354
-0.0254307
-0.0273225
-0.0262122
-0.0269554
-0.0253071
-0.0242027
-0.0257563
-0.0266981
-0.025232
-0.0242402
-0.0265125
-0.0227221
-0.0272922
-0.0276937
-0.0293246
-0.0270849
-0.0280222
-0.0226264
-0.0257873
-0.0205429
-0.0233591
-0.0241077
-0.0263081
-0.0261481
-0.026318
-0.0247265
-0.0195629
-0.0206595
-0.0231856
-0.0232577
-0.0210416
-0.0219221
-0.0228084
-0.0221158
-0.021789
-0.0194818
-0.0166705
-0.0196248
-0.0180793
-0.0167365
-0.0179268
-0.0241176
-0.0192813
-0.0185689
-0.0130273
-0.0127109
-0.014604
-0.0154923
-0.018949
-0.0125092
-0.0171156
-0.0100371
-0.00855786
-0.0101831
-0.0123921
-0.0112358
-0.0128375
-0.0115842
-0.0118295
-0.00769477
-0.00908315
-0.00775877
-0.00910963
-0.0138201
-0.00586036
-0.00719526
-0.00397062
-0.00761059
-0.00728161
-0.0120577
-0.00868846
-0.0041264
-0.00602984
-0.00391705
-0.00662831
-0.0101287
-0.00545019
-0.0040201
-0.00697447
-0.00240659
-0.0056246
-0.00854977
-0.00501345
-0.00547652
-0.0065308
-0.00396702
-0.00717868
-0.00538026
-0.00420672
-0.00224708
-0.0057166
-0.00382377
-0.00395214
-0.00713546
-0.0038623
-0.00452083
-0.00391705
-0.00844968
-0.00727238
0.000591108
-0.00425643
-0.00787345
-0.0104624
-0.00387535
-0.00112508
-0.0105302
-0.00707856
-0.00401236
-0.00699256
-0.00383016
-0.00576004
-0.0119112
-0.00401047
-0.00534266
-0.00560776
-0.0106299
-0.00896296
-0.00624898
-0.0100974
-0.0106108
-0.0120078
-0.00566633
-0.00962301
-0.00771841
-0.0151384
-0.00902361
-0.00853647
-0.0101954
-0.00925369
-0.0136227
-0.0137674
-0.00703392
-0.0123481
-0.0075253
-0.012117
-0.00954859
-0.0161005
-0.00975035
-0.00961438
-0.0084179
-0.0139713
-0.0100392
-0.00717314
-0.0131159
-0.0119884
-0.00852665
-0.0140079
-0.0110353
-0.00932001
-0.0130202
-0.00904687
-0.00975671
-0.013971
-0.0111127
-0.0101985
-0.0108767
-0.0124351
-0.0108064
-0.0108453
-0.0114205
-0.0108623
-0.0139644
-0.00955081
-0.00908237
-0.0122681
-0.0118002
-0.00947662
-0.0159794
-0.011672
-0.00260628
-0.0061841
-0.00766378
-0.0114989
-0.00293276
-0.00610434
-0.00585503
-0.00770842
-0.00089614
-0.00695367
-0.0093738
-0.00143214
-0.00462894
-0.00375061
-0.00155208
-0.00274178
-0.00453132
-0.00196521
-0.00371346
0.00179097
-0.00303309
-0.00332915
-0.00241578
0.000167452
-0.00639335
0.000479998
0.00407641
0.00145646
0.00960001
0.00651886
0.00730135
0.0101069
0.00628874
0.0103541
0.00474338
0.00931267
0.00643991
0.0125618
0.0118849
0.010494
0.00909512
0.0125617
0.0125469
0.015516
0.0115588
0.0140435
0.0109953
0.0156629
0.0138213
0.0119171
0.0108018
0.0117096
0.0170933
0.0121096
0.0119673
0.0121096
0.0116946
0.00939081
0.00846813
0.00548854
0.00367125
0.00034705
-0.002171
0.00167267
-0.00637653
-0.00719397
-0.00524353
-0.0101051
-0.0124442
-0.0121453
-0.0196293
-0.0132964
-0.0192584
-0.0175391
-0.0175354
-0.0207781
-0.0279787
-0.0282566
-0.0297404
-0.0321598
-0.0331657
-0.0433546
-0.041364
-0.0487235
-0.0385403
-0.0411597
-0.0386011
-0.0379253
-0.042388
-0.0412334
-0.0380566
-0.034631
-0.0364742
-0.0365604
-0.0371336
-0.0324308
-0.0331303
-0.0319434
-0.0314671
-0.0346011
-0.0281272
-0.0318874
-0.0257662
-0.0260451
-0.0285754
-0.0257424
-0.0252126
-0.0298203
-0.0240165
-0.0210741
-0.0218995
-0.0200793
-0.0236805
-0.0237298
-0.0137189
-0.0149583
-0.0123122
-0.018349
-0.0131954
-0.0161376
-0.00742706
-0.0115049
-0.0126236
-0.0087292
-0.00815664
-0.0145683
-0.00222658
-0.0088183
-0.00497209
-0.00488148
-0.00951582
-0.00412808
-0.0095201
-0.00492187
-0.00623836
-0.00745042
-0.00509492
-0.00943306
-0.00799991
-0.00884292
-0.0100077
-0.00960931
-0.0075074
-0.0153574
-0.00751324
-0.0126816
-0.0126233
-0.0141229
-0.0159467
-0.0162469
-0.0145837
-0.0174796
-0.014354
-0.0162898
-0.0144114
-0.0165061
-0.014415
-0.0193177
-0.0147781
-0.0181506
-0.0191615
-0.0145918
-0.022407
-0.016182
-0.016726
-0.0174763
-0.0207755
-0.0196509
-0.0161148
-0.0238679
-0.0144965
-0.021911
-0.0207561
-0.0176695
-0.022082
-0.0188586
-0.015978
-0.0221758
-0.0212975
-0.0151323
-0.021782
-0.0171601
-0.0189435
-0.0155688
-0.0164807
-0.0189432
-0.0158627
-0.0212327
-0.0157313
-0.0162539
-0.0157687
-0.0164736
-0.0159095
-0.0150189
-0.0155726
-0.0164533
-0.0188338
-0.0131484
-0.0188848
-0.0109844
-0.0192986
-0.0125828
-0.014785
-0.0133519
-0.0127311
-0.0140208
-0.0132486
-0.0160797
-0.0111197
-0.0154828
-0.00780842
-0.0128239
-0.00950851
-0.0152335
-0.0142581
-0.0163643
-0.0117729
-0.0112688
-0.0141281
-0.0118921
-0.0126625
-0.0123001
-0.0130197
-0.0131119
-0.0149735
-0.0109285
-0.014575
-0.0130547
-0.014395
-0.0146751
-0.00979337
-0.0172663
-0.0114638
-0.0164191
-0.0128831
-0.0121672
-0.0130188
-0.0156841
-0.0118368
-0.0146979
-0.0129794
-0.0093709
-0.0145946
-0.0134696
-0.0144886
-0.011466
-0.018192
-0.00939503
-0.0194869
-0.0129252
-0.0145483
-0.016024
-0.00364063
-0.0146778
-0.0113226
-0.00644376
-0.0178887
-0.00203866
-0.0163908
-0.0077484
-0.0121026
-0.013261
-0.00675235
-0.0193265
-0.00564444
-0.0174942
-0.00957673
-0.0135934
-0.0043883
-0.00836552
-0.00290548
-0.00389315
0.000773351
-0.00270968
-0.00429447
-0.00368978
-0.000669607
-0.00556132
-0.00255073
0.000736062
-0.00712808
0.00371278
-0.00633922
-0.000714283
0.000945008
0.00114506
-0.00376334
-0.000777238
-0.00388858
-0.00045126
-0.000266443
-0.000814449
-0.00072699
-0.00417711
-0.00256127
-0.000741283
-0.000192143
-0.00549476
-0.000770117
-0.00544984
-0.00321443
-0.00153965
-0.00230483
-0.0069644
-0.0015075
-0.00534608
-0.00308407
-0.0057817
-0.00224748
-0.00538465
-0.00688835
-0.00293461
-0.00696017
-0.00995818
-0.00514142
-0.00511304
-0.0116325
-0.0114714
-0.0104301
-0.01118
-0.0116977
-0.00532038
-0.00680043
-0.0118984
-0.00821284
-0.0106385
-0.00212061
-0.0152511
-0.00268795
-0.0192945
-0.00789186
-0.00834095
-0.0098165
-0.0129873
-0.010091
-0.0130254
-0.0143532
-0.00366025
-0.0118635
-0.0160987
-0.0109173
-0.017599
-0.00872659
-0.0185972
-0.00783259
-0.0221619
-0.0117295
-0.0116718
-0.0138911
-0.0115348
-0.0125743
-0.017476
-0.00853427
-0.0152738
-0.014471
-0.00649785
-0.0192663
-0.0200478
-0.00531436
-0.0191598
-0.0143394
-0.0242694
-0.00647915
-0.0189873
-0.022746
-0.0170081
-0.0151202
-0.0161263
-0.0170261
-0.0187171
-0.0193534
-0.0185307
-0.0173401
-0.0204998
-0.0129964
-0.0112565
-0.0143265
-0.0173185
-0.0148104
-0.0175162
-0.0129126
-0.0154299
-0.0172445
-0.0127032
-0.0166693
-0.0124061
-0.0141504
-0.0148114
-0.014384
-0.0127564
-0.0127732
-0.0154561
-0.0148358
-0.0093954
-0.015673
-0.00989474
-0.0147233
-0.00976483
-0.0145818
-0.0113629
-0.0128991
-0.0113702
-0.0145827
-0.0129822
-0.0129295
-0.0123575
-0.0128816
-0.0129401
-0.0129322
-0.0142322
-0.0118469
-0.012932
-0.0110645
-0.016629
-0.0125628
-0.00965019
-0.0115143
-0.00669534
-0.00835414
-0.00683183
-0.0038865
-0.00976483
-0.00402941
-0.0112836
-0.00409316
-0.00668138
-0.00425014
-0.00683868
-0.00928765
-0.00192065
-0.00985137
-0.00548113
-0.00489012
-0.00588367
-0.00333507
-0.00371969
-0.00854369
-0.00361013
-0.0112468
-0.000110572
-0.00550531
-0.0081177
-0.00190659
-0.00772517
-0.00345276
-0.00706489
-0.00517772
-0.0037841
-0.00673676
-0.00404362
-0.00961368
0.00115376
-0.00444683
-0.00430243
-0.0064064
-0.00463572
-0.00300245
-0.00478678
-0.00300922
-0.00172343
-0.00477935
-0.00470156
-0.00769207
-0.00241605
-0.00725572
-0.00327728
-0.00384928
-0.0101163
-0.00421477
-0.0112665
-0.00721586
-0.00953022
-0.00695184
-0.00740829
-0.0189672
-0.0159336
-0.0116753
-0.00796655
-0.00622931
-0.0097101
-0.0110319
-0.00854734
-0.00966634
-0.00957274
-0.00962383
-0.00854734
-0.0126956
-0.00980905
-0.00634706
-0.0088453
-0.015841
-0.0129832
-0.00805146
-0.00803002
-0.00736846
-0.0113656
-0.0096801
-0.00804602
-0.00897628
-0.00995724
-0.011188
-0.0126456
-0.0124168
-0.00863336
-0.0049806
-0.00673714
-0.00769526
-0.00688186
-0.0065342
-0.00359374
-0.00561104
-0.00508208
-0.00226468
-0.00657737
-0.00676441
-0.00352641
-0.00195539
-0.00538419
0.000868961
-0.0081645
-0.00190659
-0.00417262
-0.00498743
-0.00390043
0.00267089
-0.00511668
-0.000217731
0.00101485
-0.00329865
-0.00248545
0.00143343
-0.00328475
-0.00577231
-0.00248365
-0.000755665
-0.00284395
0.00455978
-0.00315528
0.00653081
-0.000630333
0.00143721
0.00615217
-0.00490235
0.00683595
0.00294825
0
0.00606996
0.00614914
0.000474867
0.00480228
0.0061562
0.00233592
-0.00144707
0.00761667
0.00444439
0.00425013
0.00286758
0.00387062
-0.00328446
0.00683457
0.0074398
0.00248094
0.00296861
0.00596238
-0.000181745
0.00909388
0.00204043
0.00478759
0.00439573
0.00606278
-0.00321498
0.00602114
0.00497711
-0.00286485
0.00611622
0.00217041
0.00151964
-0.0010005
0.00229126
0.0046775
-0.00064791
0.0027261
0.00142623
-0.00330149
0.00225636
0.000354382
-0.000191675
0
0.000569513
0.0029035
-0.00950613
0.00445764
-0.00661242
0.0045549
-0.00370377
-0.00245853
-0.00753882
-0.00198651
-0.00645783
-0.000749952
-0.0125134
-0.0016923
-0.00825096
-0.0096358
-0.00196359
-0.0079967
-0.00870442
-0.0096365
-0.00654373
-0.0133357
-0.00990738
-0.00705039
-0.00987105
-0.00989673
-0.00810835
-0.00695127
-0.00860806
-0.00817139
-0.00797074
-0.00964706
-0.00730976
-0.00739429
-0.00955888
-0.00616343
-0.00695166
-0.00801383
-0.00808425
-0.00663793
-0.00699507
-0.00794462
-0.0063165
-0.00494244
-0.00945708
-0.00380842
-0.00784181
-0.00327728
-0.00792729
-0.00614503
-0.00544709
-0.00575572
-0.00924379
-0.00948616
-0.00022389
-0.00494279
-0.00951894
-0.010877
-0.000841742
-0.0061795
-0.00751714
-0.00472022
-0.00485195
-0.0100654
0.00293195
-0.00512318
-0.0125451
0.00327577
-0.00868315
-0.00331378
-0.00346519
0.00288921
-0.0116318
-0.00647059
-0.00800469
0.0013984
-0.00214454
-0.00971805
0.00290093
-0.00338489
-0.00567096
-0.000707874
-0.00337502
-0.00660924
0.00108921
-0.00698524
-0.000213561
-0.00722582
-0.00158428
-0.00164039
-0.00587988
-0.00758869
-0.000563628
-0.00225306
-0.00681737
-0.00363937
-0.00246019
-0.00655694
-0.00338492
0.00252031
-0.00827105
-0.00512767
-0.00334178
-0.000802951
-0.0116177
-0.000270754
-0.00996435
-0.00231842
-0.01001
-0.00215507
-0.00817454
0.00252592
-0.0115634
-0.00211378
-0.00555266
-0.00964566
-0.00900771
-0.00367009
-0.0132718
-0.0069791
-0.00666444
-0.00595363
-0.0061686
-0.0100727
-0.00518453
-0.0100773
-0.0132422
-0.00667694
-0.00859563
-0.00670089
-0.00299015
-0.01346
-0.00861487
-0.00685057
-0.00972066
-0.00376233
-0.00766376
-0.00485893
-0.000713604
-0.00208176
0.00259463
-0.00660869
0.00266714
-0.00858747
0.00129537
-0.00597381
-0.000454733
0.000800934
-0.00274536
0.00299896
0.00124533
-0.00524514
0.00104357
-0.00135577
-0.00177719
0.00175818
0.00133871
-0.0015973
0.00397047
-0.000545843
0.00290858
-0.000722624
0.00466242
0.00312964
0.00441126
0.00549349
0.000217501
-0.000135007
0.00630596
0.00612701
-0.000635735
0.00902709
0.00864074
-0.00143079
0.00543885
0.00629549
0.00425724
0.0089803
0.00304624
0.00351785
0.0072377
-0.000206417
0.00610697
0.0011446
0.00600079
0.00139181
0.00619526
0.00309386
-0.00239964
0.00595079
0.0023045
0.00103953
0.0024696
-0.00225679
0.000598563
0.000893253
-0.00348034
-0.00187461
0.000824716
-0.00226792
0.00043414
-0.00251396
0.00137473
-0.00528789
0.00147506
-0.0048249
-0.00532625
-0.000516947
-0.00695679
-0.00063082
-0.00803348
-0.00517788
-0.00524209
-0.00564287
-0.00840905
-0.0101928
-0.00361304
-0.00962321
-0.0156486
-0.00922616
-0.00580674
-0.00918541
-0.0112972
-0.0101008
-0.00185643
-0.0161342
-0.00812523
-0.00480177
-0.0131623
-0.00727285
-0.00975019
-0.00351124
-0.0101008
-0.00702676
-0.00858184
-0.00296605
-0.00961361
-0.00818289
-0.00153253
-0.00566917
-0.00416729
-0.000488333
-0.00525369
-0.00657735
-0.00188437
-0.00493251
-0.00218425
-0.00199848
0
-0.00484397
0.00226253
-0.0050254
0.00152734
-0.00489903
0.00275285
0.00104337
-0.00170219
-0.0030657
-0.000181509
0.00683595
0
-0.00157039
-0.00018815
-0.00063302
-0.000935172
-0.00366992
-0.0019384
0.00113444
0.000571063
0.00432408
-0.00534394
0.00113279
-0.00240721
-0.000575433
0.0040646
-0.0104028
0.00143279
-0.00549244
0.00344686
-0.00297071
-0.00211797
-0.00219681
-0.0018988
-0.00582627
0
0.00425913
-0.000962175
0.00236594
-0.00531994
0.00254561
-0.00137679
0.00400751
0.00127554
0.000592583
-0.00266418
0.00230923
0.000376048
0.00116869
-0.00119204
0.00226604
0.00279556
0.00147181
0.00254601
-0.000375529
0.000290504
-0.00639613
0.0047426
-0.00998003
-0.000707544
-0.00524205
0.00105092
-0.00485205
-0.000836108
-0.00395844
-0.00342253
-0.000374693
-0.00336688
0.00375176
0.00121319
0.00886577
-0.0066436
0.00307361
-0.00603092
-0.000431996
0.0112938
-0.00606634
0.00109403
-0.00307871
0.00767158
-0.00655162
0.00377042
-0.00674838
-0.00815371
0.00469577
0.00116188
-0.00688768
0.00454423
-0.00509161
-0.000223067
-0.00954647
0.00205306
-0.00816791
-0.00214983
-0.00288725
0.000228209
-0.012251
-0.00823492
-0.00598093
0.00217926
-0.00672867
-0.00532923
-0.00668693
0.00226594
-0.00965194
-0.00045905
-0.00202726
-0.00835106
-0.00532401
-0.0033472
-0.0034693
-0.012209
-0.00290793
0.00431854
-0.011327
-0.0065512
-0.00584049
-0.00585683
-0.00989623
-0.00661403
-0.00586205
-0.00231298
-0.0115606
-0.00499466
-0.00647098
-0.00687865
-0.00531476
-0.00816809
-0.0184055
0.00283214
-0.0132482
-0.0084701
-0.00357041
-0.00815679
-0.00818817
-0.00857259
-0.00826512
-0.0165028
-0.00637625
-0.00395683
-0.0177598
-0.00976611
-0.0146775
-0.00865119
-0.00837209
-0.00975923
-0.0114796
-0.00840173
-0.0111295
-0.00968671
-0.0132107
-0.00972985
-0.00586753
-0.0165206
-0.00330973
-0.0179538
-0.00707012
-0.0177144
-0.00683718
-0.0165502
-0.00850999
-0.0143889
-0.00855211
-0.0157992
-0.00995141
-0.0146691
-0.0132794
-0.00750484
-0.00717622
-0.002106
-0.00233406
-0.0030263
-0.00429384
0.0011767
-0.00548706
-0.00113946
-0.00723874
-0.00439155
-0.00686432
0.000137052
-0.0058076
-0.00239397
-0.000470249
-0.0043404
-0.00383222
-0.000625921
-0.00682879
0.003314
-0.00687866
0.000635285
-0.00534433
-0.00109313
-0.00544581
0.000900763
-0.00550999
0.000566847
-0.00544368
-0.00224735
-0.00436545
0.00235057
-0.00377508
0.0013672
-0.00473607
-0.00349535
0.000986297
-0.00551539
-0.00126252
-0.00218342
0.00107526
-0.000902231
0.000710283
-0.00656381
0.00278889
-0.00550357
-0.00396254
0.00278146
-0.00202763
0.00103237
-0.00356448
0
-0.00581988
-0.00597973
-0.00696495
-0.00819735
-0.00171079
-0.00753111
-0.00519532
-0.00848985
-0.00647989
-0.0107017
-0.00366729
-0.00475592
-0.0105113
-0.00498527
-0.00960248
-0.00257729
-0.00292527
-0.0144958
-0.0051359
-0.00647228
-0.000733418
-0.00892388
-0.00770075
-0.00967106
-0.00318942
-0.00230029
-0.0128399
-0.0068221
-0.0111678
-0.0114137
-0.00965708
-0.00976338
-0.011475
-0.00824883
-0.0101004
-0.00818589
-0.0118792
-0.0064474
-0.00320981
-0.0129318
-0.005345
-0.0097998
-0.00803974
-0.0155941
-0.00655842
-0.00832838
-0.011538
-0.00847817
-0.00393841
-0.0132078
-0.0035739
-0.00599483
-0.0128805
-0.00217498
-0.00374686
0.000559651
-0.00392655
-0.00197262
-0.00448292
-0.0125763
-0.0068811
-0.0141338
-0.00215404
-0.00828214
0.00438184
0.00148832
-0.00987881
-0.00206883
-0.0021926
-0.00389537
0.00219156
-0.00691969
-0.000517349
-0.00544984
-0.0100849
0.00539472
-0.00380499
-0.000803138
0.00148939
-0.00510819
-0.00362695
-0.0164445
-0.00586889
-0.00812454
0.000728799
-0.00279329
0.0018138
-0.0116319
-0.00682905
-0.00702945
-0.0125656
-0.00536093
-0.00990139
-0.00669522
-0.00851703
-0.0115599
-0.00520792
-0.00980944
-0.00673291
-0.0080256
-0.0087495
-0.0130609
-0.00572537
-0.0106797
-0.00527742
-0.00708856
-0.0119826
-0.00982838
-0.00341774
-0.0157628
-0.000357024
-0.0127516
-0.00677189
-0.00949743
-0.00850085
-0.0100083
-0.00704611
-0.00402109
-0.00665756
-0.0103809
-0.00675743
-0.007053
-0.0102193
-0.00985682
-0.0056855
-0.011098
-0.00556174
-0.0102572
-0.00393794
-0.0141605
-0.00717625
-0.00851078
-0.0127536
-0.00703785
-0.00854675
-0.011629
-0.0102753
-0.00874892
-0.0131782
-0.00993698
-0.0116756
-0.00750902
-0.0160593
-0.0150684
-0.00531548
-0.0141183
-0.0123179
-0.011366
-0.0146148
-0.0130879
-0.0119093
-0.0183288
-0.00700338
-0.0134644
-0.0164012
-0.0077472
-0.0145761
-0.0197492
-0.0100154
-0.0145028
-0.0178766
-0.0125216
-0.0152926
-0.0169881
-0.0150111
-0.0115382
-0.0154618
-0.0135633
-0.0178069
-0.0084731
-0.0178743
-0.0174833
-0.0102778
-0.0115216
-0.0155268
-0.0131019
-0.00861811
-0.00844355
-0.0193464
-0.00865486
-0.00538656
-0.00836412
-0.0153109
-0.0101991
-0.00919965
-0.0160975
-0.00710431
-0.00692192
-0.0144451
-0.00549818
-0.00968038
-0.0136813
-0.0131282
-0.000608808
-0.00676154
-0.00515156
-0.00221771
-0.00230763
-0.00624294
0.00249542
-0.00240813
-0.000696726
-0.00582763
-0.00339502
-0.000654825
-0.00387129
-0.00517091
-0.000228434
0.00311217
-0.003328
0.000103763
-0.000294425
0
0.00567214
-0.000314204
0.00448176
0.00424523
-0.00126438
0.00394995
-0.00183239
0.00267525
0.00807213
0.00288149
0.00712749
-0.000335015
0.00620089
0.00133478
0.00243128
-0.00147371
0.00438123
0.00586427
-0.00218656
0.00883379
-0.00153347
-0.00665703
-0.000213561
-0.00297541
-0.000936575
0
-0.0048873
0.00199006
-0.000500408
-0.000311149
-0.00640713
0.00140422
-0.00240813
-0.00873607
-0.00187036
-0.00724604
0.000772538
-0.00708923
0
-0.00505757
-0.0177178
0.000628517
-0.0117889
-0.00680716
0.00274587
-0.014768
0.00253696
-0.00530014
-0.00984453
-0.00610213
-0.0159544
-0.00525071
-0.00617206
-0.0136051
-0.0128366
-0.0119957
-0.020704
-0.0107087
-0.0150007
-0.0178732
-0.017848
-0.0145889
-0.00800295
-0.0134458
-0.0148355
-0.0149915
-0.019693
-0.0177335
-0.0163204
-0.0102597
-0.016543
-0.0224137
-0.0152946
-0.0128078
-0.0105966
-0.0182801
-0.0131464
-0.0181599
-0.0203027
-0.0103892
-0.01743
-0.0131863
-0.00877332
-0.0186016
-0.0117313
-0.0165162
-0.021126
-0.00750068
-0.0115567
-0.017913
-0.0115775
-0.0120681
-0.0103892
-0.00861969
-0.0161292
-0.0110041
-0.0128713
-0.0132762
-0.0116034
-0.013529
-0.0101212
-0.015888
-0.010126
-0.0146912
-0.0118955
-0.0113194
-0.00545601
-0.00996022
-0.0117822
-0.0065
-0.00861691
-0.00976635
-0.0037382
-0.014801
-0.00964188
-0.00856993
-0.00544616
-0.0107182
-0.00259266
-0.0078311
-0.00850244
-0.000609991
-0.0101259
-0.00291118
-0.00670157
-0.00964744
-0.00670226
-0.00377693
-0.00862068
0.00295729
-0.00495113
-0.00717827
-0.00528897
-0.00552758
-0.00981361
-0.00406431
-0.00530303
-0.000796318
-0.00371904
-0.00387895
-0.00478056
-0.00234745
-0.00845344
-0.00664804
-0.008
-0.00377836
-0.00531735
-0.000373165
-0.00697919
-0.00846029
-0.00234333
-0.0062746
-0.000551476
-0.00519188
-0.00230441
-0.00563731
-0.00811731
-0.00682905
-0.00383297
-0.00417683
-0.0033557
-0.0031009
0.00197768
-0.00775195
0.00114445
-0.00504093
-0.000595404
0.00225826
-0.00341006
-0.0016725
0.00247568
-0.00640018
0.00514725
0.00136368
-0.00027245
-0.00638644
0.00532544
0.00195512
-0.00175556
0.00111679
0.00483937
0.00552473
0.00151587
0.00174094
-0.00128036
-0.000733055
0.000244144
0.00800356
0.00790383
0.00151916
-0.000550425
0.00479663
0.00791028
0.00154245
0.00361931
0.00685839
-0.0010975
0.00324088
-0.0024198
0.00664141
-0.00520937
0.00456335
0.00819221
-0.0014383
-0.000711638
-0.00370443
0.00626544
0
0.00245244
-0.00151873
0.00305047
-0.00327899
-0.00333144
-0.0067623
-0.00215388
-0.00313761
-0.00524629
-0.0066151
-0.00385932
-0.00348029
-0.00297749
-0.0139023
-0.0022179
-0.00518822
-0.010627
-0.0129238
-0.00903843
-0.00825972
-0.0118926
-0.0104855
-0.0161713
-0.0155635
-0.00877678
-0.017024
-0.01019
-0.0172725
-0.0214757
-0.018475
-0.0216054
-0.0101279
-0.0217829
-0.0125153
-0.0245183
-0.022542
-0.020617
-0.0183884
-0.015694
-0.018364
-0.0164604
-0.0135522
-0.0168663
-0.0153515
-0.017837
-0.0161134
-0.0136708
-0.0166633
-0.0117049
-0.0165631
-0.0153655
-0.0135342
-0.0139615
-0.0182628
-0.0105476
-0.0149912
-0.0135246
-0.0148627
-0.0153313
-0.0133508
-0.012569
-0.0143168
-0.0147169
-0.0120546
-0.0135324
-0.00696427
-0.00855962
-0.00659092
-0.0134752
-0.0037777
-0.011717
-0.00802476
-0.00539229
-0.0105235
-0.00547558
-0.00549309
-0.0021415
-0.00845344
-0.00221045
-0.00686376
-0.00335178
-0.00853164
-0.00517654
-0.0160045
-0.000955628
-0.00702945
-0.00280155
-0.00549669
0.000881713
-0.00664489
-0.00632119
-0.0054085
-0.0111914
0.00085285
-0.00870705
-0.00192884
-0.0078052
-0.00532415
-0.00745719
-0.00878187
-0.00153243
-0.00883017
-0.00548462
-0.00820685
-0.0116818
-0.000524937
-0.00970914
-0.0084604
-0.00531015
-0.00817356
-0.0053462
-0.0146318
-0.000660625
-0.00892748
-0.0100386
-0.00532331
-0.00560547
-0.00633159
-0.0146605
-0.000625372
-0.00617858
-0.00661614
-0.0142065
0.00113295
-0.00793831
-0.00674251
-0.0131104
-0.00694318
-0.0051289
-0.0131311
0.0042956
-0.00847985
-0.00534072
-0.0115027
-0.00189483
-0.00851825
-0.00527914
-0.00488008
-0.0149718
-0.00522809
-0.00957106
-0.00834767
-0.00706699
-0.0108794
-0.00485922
-0.00995679
-0.00841539
-0.00996679
-0.00683737
-0.00990049
-0.00536458
-0.0102719
-0.00697502
-0.00700801
-0.0100875
-0.0105297
-0.00595693
-0.0131025
-0.00537361
-0.00995826
-0.0129836
-0.00637661
-0.010445
-0.0070322
-0.0119252
-0.00998235
-0.00689712
-0.00863346
-0.0130795
-0.00841003
-0.0155904
-0.00528809
-0.0118547
-0.0100127
-0.0106876
-0.0101165
-0.0100127
-0.00754333
-0.0125559
-0.0131407
-0.0101491
-0.0114854
-0.0112368
-0.0131284
-0.0086477
-0.00948456
-0.0131018
-0.0164986
-0.0071405
-0.0126999
-0.0117171
-0.00996515
-0.0100839
-0.0141281
-0.0101998
-0.0146899
-0.00539087
-0.0159556
-0.0092812
-0.0115677
-0.00858871
-0.0163151
-0.00723839
-0.0125838
-0.00695009
-0.00677363
-0.00403561
-0.00827105
-0.0113968
-0.0132745
-0.00817048
-0.0130809
-0.013145
-0.00684578
-0.0117161
-0.00541719
-0.00787736
-0.0147991
-0.0114092
-0.008421
-0.0136916
-0.00293121
-0.0179702
-0.0101149
-0.00896294
-0.00625707
-0.0115561
-0.0115434
-0.00840512
-0.00707986
-0.0163579
-0.0102503
-0.0177719
-0.0115814
-0.0103136
-0.0101235
-0.0147858
-0.0208962
-0.00855815
-0.0177316
-0.0126057
-0.00685466
-0.0123184
-0.0111549
-0.0159154
-0.0130515
-0.0100374
-0.0132753
-0.0126926
-0.00843178
-0.0130879
-0.0127636
-0.0162534
-0.00708972
-0.0194181
-0.0071061
-0.0176167
-0.0102133
-0.014887
-0.0101239
-0.0131352
-0.017322
-0.0116268
-0.0163544
-0.0130879
-0.0106345
-0.0169743
-0.00358104
-0.0178216
-0.0131744
-0.0100486
-0.0137677
-0.0113715
-0.0118045
-0.0161453
-0.0122607
-0.00850085
-0.0146847
-0.0100503
-0.0158213
-0.0177535
-0.0196504
-0.0145415
-0.0107721
-0.0161821
-0.00839251
-0.016221
-0.0163836
-0.012986
-0.0136787
-0.00890845
-0.0177682
-0.00656269
-0.0163552
-0.0195403
-0.00702377
-0.017947
-0.0070511
-0.0195159
-0.00835708
-0.0132722
-0.0208614
-0.00516804
-0.0163544
-0.00698759
-0.0135131
-0.0138915
-0.01155
-0.00556212
-0.0162329
-0.00838122
-0.0164002
-0.0145327
-0.0055147
-0.00801077
-0.00862637
-0.0146051
-0.00869719
-0.0116237
-0.0164048
-0.0084576
-0.00322297
-0.0162103
-0.00513405
-0.00694585
-0.0161808
-0.0131854
-0.013371
-0.011213
-0.00853474
-0.014475
-0.0178364
-0.00559825
-0.0177738
-0.00714491
-0.0148287
-0.0102206
-0.0105975
-0.0150318
-0.00703936
-0.0147015
-0.00878921
-0.00956827
-0.0117158
-0.0113806
-0.0106574
-0.0102393
-0.0118257
-0.0127933
-0.014206
-0.00855395
-0.0153952
-0.0106328
-0.0101127
-0.0148981
-0.00884241
-0.0143731
-0.0133318
-0.00717394
-0.0164013
-0.0107536
-0.0117793
-0.0146971
-0.0102104
-0.0147281
-0.00966273
-0.0100886
-0.00692994
-0.00497195
-0.011736
-0.00357455
-0.0129894
-0.00414972
-0.00233393
-0.00859701
-0.0112045
0.000592583
-0.0162199
-0.00371346
-0.00850542
-0.00241189
-0.0144954
-0.00852847
-0.00151604
-0.0116894
-0.0100517
-0.00777426
-0.00969915
-0.0202268
-0.0082042
-0.00896294
-0.00848539
-0.000610413
-0.0151785
-0.00101317
-0.00363818
-0.000561795
-0.0147675
0.000677874
-0.00204139
-0.00821835
-0.00239108
-0.00323143
-0.000380628
-0.0113268
-0.000313891
-0.00370729
-0.00192053
0.0025454
-0.00805127
-0.00151816
0.00131007
-0.00197454
-0.00810144
0.00242436
0.00131629
-0.00960666
0.00261537
0.00101061
-0.00551666
0.00277953
-0.00392226
-0.000145326
-0.00182787
-0.00234803
-0.00237915
-0.0112711
-0.00206058
-0.00083594
-0.00121052
-0.00517359
-0.000225119
-0.00684931
-0.000529103
-0.00800681
-0.00261762
-0.00437902
0.00430235
-0.0115243
-0.00825714
-0.00685251
-0.00234308
-0.000582629
-0.00540803
0.00103488
-0.00708812
-0.00483073
-0.0101019
-0.00699057
-0.00072601
-0.0115859
-0.000912611
-0.00714772
-0.00296667
-0.00946937
-0.0125012
-0.0118313
0.000525657
-0.00884811
-0.00782244
-0.00738651
-0.00568215
-0.0151366
-0.00422758
-0.00880621
-0.00418565
-0.00728914
-0.0119605
-0.00738222
-0.00700001
-0.0113468
-0.00547192
-0.00398101
-0.0118801
-0.0111726
-0.00336203
-0.00555023
-0.0103987
-0.012289
-0.0089431
-0.00569297
-0.00600489
-0.0135032
-0.0123406
-0.0115764
-0.00886381
-0.0112917
-0.0135787
-0.00886063
-0.0100265
-0.00856555
-0.00932321
-0.005464
-0.00245275
-0.00942867
-0.0132312
-0.00931116
-0.0112735
-0.000769078
-0.00716622
-0.00545686
-0.00120407
-0.00217764
-0.00382618
-0.000869356
-0.00275569
-0.00387822
-0.00101539
-0.00380385
-0.0029116
0.000752613
-0.00151543
0.000820109
-0.00478609
-0.000811857
-0.00251428
0.00238468
0.000982376
0.000154857
-0.00136483
-0.00072745
0.00253142
0.00100348
-0.000318255
0.000449997
0.0025528
-0.00195924
0.00104619
0.00346064
-0.00217107
0.00244518
-0.00850543
0.00268524
-0.00715273
0.00103954
-0.00671354
0.000762971
0.00101822
-0.00643517
-0.0105395
-0.00439145
-0.00318072
-0.00981014
-0.00262077
-0.00792025
-0.000491194
-0.00680948
-0.00151548
-0.00649102
-0.00057261
0.00211924
-0.00353126
-0.00460157
0.00143665
-0.00639038
0.00390101
-0.00830765
-0.00248279
-0.00251179
0.00265269
-0.0155859
0.0030118
-0.00550838
0.00430215
-0.0116505
0.00438028
-0.00741565
-0.0033711
-0.00848457
0.00434421
-0.00767279
0.00258048
-0.00361712
-0.00642608
-0.00418922
-0.000725585
-0.00523501
-0.00232176
-0.0044666
-0.00330149
-0.0042267
-0.000764534
-0.00725974
-0.000817142
-0.0052484
-0.0064584
-0.00692076
-0.00224751
-0.00697193
-0.0110645
0.002309
-0.00858308
-0.00238792
-0.00243053
-0.0113527
-0.00326766
0.000575532
-0.00782534
-0.00555259
-0.00860063
-0.00781095
-0.00862935
-0.00863346
-0.000625194
-0.0117042
-0.0080732
-0.00860256
-0.00391262
-0.0102244
-0.002413
-0.0130987
-0.00389043
-0.00546234
-0.00567963
-0.00854538
-0.00748604
-0.00568611
-0.016985
-0.00554297
-0.0118227
-0.00753952
-0.0115817
-0.000766559
-0.0119092
-0.00861577
-0.00838216
-0.0100733
-0.00557196
-0.0151439
-0.0145024
-0.00872678
-0.00258631
-0.0117862
-0.0134771
-0.0131076
-0.0104004
-0.01304
-0.016718
-0.00236701
-0.00708246
-0.0141241
-0.010212
-0.017867
-0.0102212
-0.0097296
-0.0118333
-0.0100834
-0.0104771
-0.00875926
-0.0102175
-0.0135033
-0.00917596
-0.00856784
-0.0165997
-0.011729
-0.00571817
-0.0143373
-0.00398643
-0.0163468
-0.0104569
-0.00839359
-0.0117507
-0.00382111
-0.0157904
-0.00920534
-0.0092455
-0.00769717
-0.00861487
-0.0101649
-0.00996435
-0.0129081
-0.0144363
-0.0115098
-0.00402454
-0.00818286
-0.00646112
-0.00815796
-0.00683917
-0.00813441
-0.00787748
-0.00670008
-0.00660127
-0.00805078
-0.0079778
-0.000174639
-0.00344801
-0.00275566
-0.00623684
-0.00499971
-0.000124795
-0.00496341
-0.00157619
-0.000311307
-0.00419134
-0.000504935
0.00244662
-0.00187748
0.00422874
-0.00138456
0.00124521
-0.00178192
0.00281536
-0.000135908
0.00103211
0.00182373
-0.0106377
0.0033278
0.00575696
-0.000661918
-0.00361702
0.00838092
0.00574068
0.00124545
0.00172396
0.00879788
-0.000712737
0.00274479
0.0063422
-0.00373502
0.00483732
0.000457054
0.015421
-0.00069938
0.000961704
0.00495876
-0.00130308
0.0114363
-0.00370612
0.00336171
-0.00077524
0.00529088
-0.00351633
0.00174076
-0.00366283
0.00374152
0.00174243
-0.00107827
0.00233439
-0.00253001
-0.00199431
0
-0.00288182
0.00352369
0.00462922
-0.00665204
0.00376719
-0.00559364
-0.00367421
-0.00548554
0.00237587
-0.00190891
-0.0010016
-0.00367464
-0.00184779
0.00231408
-0.010467
0.00381923
-0.00684132
0.000678475
-0.0011605
-0.00387744
-0.00574645
0.000240385
-0.00866106
-0.00384278
-0.00195975
-0.00533194
-0.00103726
-0.00550923
-0.00184441
-0.00684541
-0.000674545
-0.00760345
-0.00225499
-0.00535579
-0.00562234
-0.00124225
-0.00836412
-0.00391804
-0.00683609
-0.00342717
-0.00922461
-0.000769078
-0.00856154
-0.00343166
-0.00511856
-0.00344515
-0.00598573
-0.00703891
-0.0032922
-0.00740782
-0.00564803
-0.00366997
-0.00214728
-0.0114239
0.000244681
-0.00693871
-0.00528538
-0.00385486
-0.0126284
0.00212784
-0.00665151
-0.00717282
-0.00425618
-0.00542153
-0.00203945
-0.00669522
-0.00469625
0.00085673
-0.0100822
-0.00565343
-0.00034946
-0.00638652
-0.00398547
-0.000368657
-0.0107024
0.000365006
-0.000274963
-0.0101743
0.000510573
-0.00208219
-0.0128886
-0.00104827
-0.00249442
-0.00682914
-0.00185209
-0.00329673
0.000623744
-0.0125322
0.00160455
-0.00730399
-0.000834368
-0.00849649
0.000928854
-0.00109313
-0.00685168
-0.00674958
-0.00396261
0.00227215
-0.00729567
-0.00545295
-0.00390694
0.00252718
-0.000711319
-0.00786437
-0.00251794
0.000803502
-0.00263921
-0.00238264
-0.00955911
-0.00342883
-0.0022881
0.000181335
-0.00376336
-0.00668538
-0.0009629
-0.000951603
-0.000896345
-0.000561546
-0.00871268
-0.00474971
0.00227295
0.000723289
-0.00572248
-0.00497289
-0.0010749
-0.00195446
-0.0111335
-0.00608701
-0.000857305
0
-0.00742802
-0.0104685
-0.000826367
-0.00231046
-0.00200742
-0.00733628
-0.00408671
-0.00246697
-0.00737021
0.000751967
-0.00413702
-0.008778
-0.000562132
-0.00410781
-0.00103146
-0.00495803
-0.00304364
0.00212751
-0.0132956
-0.00508219
-0.00879199
-0.00540665
-0.0096069
-0.00869478
-0.00196077
-0.0101559
-0.00845059
-0.0068493
-0.00874601
-0.00855484
-0.00233365
-0.00397948
-0.0115146
0.000686918
-0.0023847
-0.00298784
-0.0114238
-0.00207747
-0.00298788
0.00232849
-0.0047333
-0.0068926
-0.00708456
-0.00158368
0.000615783
0.00117428
-0.00882353
-0.00389688
-0.00654771
-0.00218181
-0.00274138
-0.00528057
-0.00847206
-0.00190187
-0.00377965
-0.00835977
-0.00125766
-0.0102289
-0.003639
-0.00834373
-0.00683832
-0.00487394
-0.00673839
-0.00367707
-0.00585207
-0.00675856
-0.00533203
-0.00975741
-0.000621615
-0.0106851
0.00261657
-0.00981363
-0.00212399
-0.00693104
-0.00387628
0.00101843
-0.00441515
-0.00849541
-0.00550548
-0.0084144
-0.00608241
-0.000511095
-0.0161398
-0.00133121
-0.00890596
-0.00854409
-0.00700149
-0.0102806
-0.00236843
-0.0116222
-0.00695726
-0.00390632
-0.0134183
-0.00538933
-0.0133389
-0.00570866
-0.011954
-0.00855943
-0.0087978
-0.0149292
-0.00285547
-0.0119122
-0.00871846
-0.0150821
-0.00791998
-0.0126793
-0.0106246
-0.0150336
-0.00544254
-0.0120056
-0.0141069
-0.0122024
-0.0162065
-0.0075011
-0.0197628
-0.0200321
-0.0105665
-0.0225435
-0.0128949
-0.0153001
-0.0106277
-0.0166152
-0.0181104
-0.0137881
-0.015555
-0.0111978
-0.0215022
-0.0151328
-0.0120365
-0.0101063
-0.0179916
-0.0214321
-0.0120531
-0.0162446
-0.010509
-0.0152401
-0.0103613
-0.0146069
-0.0161633
-0.00848923
-0.0156329
-0.00979652
-0.017491
-0.010343
-0.0125564
-0.0109004
-0.0130898
-0.0115312
-0.0102122
-0.00734283
-0.0163441
-0.0148615
-0.0132303
-0.00610157
-0.00723567
-0.0146191
-0.00698674
-0.000952941
-0.00540213
-0.0101687
-0.000326022
-0.00730048
-0.0115677
-0.00674555
-0.0101451
-0.0095112
-0.0115677
-0.00531576
-0.0132794
-0.0146342
-0.00680208
-0.0146187
-0.0090352
-0.00853294
-0.0110536
-0.00541847
-0.0177165
-0.0101309
-0.00835057
-0.00989599
-0.00680065
-0.0148492
-0.00984993
-0.0129481
-0.0106856
-0.0067426
-0.0148112
-0.0181334
-0.0128969
-0.0115482
-0.00608656
-0.0123619
-0.0223755
-0.00224168
-0.0162313
-0.0118874
-0.00711724
-0.0161667
-0.0084868
-0.0126608
-0.0161168
-0.0102563
-0.00952956
-0.0193545
-0.0086901
-0.0161525
-0.0193974
-0.012929
-0.0157759
-0.013222
-0.0147403
-0.0140673
-0.00855377
-0.0147839
-0.0147976
-0.0137957
-0.0118025
-0.0116233
-0.0101601
-0.0162625
-0.0116666
-0.0146537
-0.0163424
-0.0115304
-0.0087816
-0.0215906
-0.00696774
-0.0181072
-0.018686
-0.0108456
-0.00970043
-0.018107
-0.0134324
-0.0132273
-0.0142124
-0.00869719
-0.0181715
-0.0198347
-0.00845849
-0.0149995
-0.0103106
-0.0105522
-0.0225276
-0.00742267
-0.0139397
-0.0150159
-0.0156997
-0.0118801
-0.0182619
-0.0118244
-0.0125733
-0.0161971
-0.0101146
-0.0201301
-0.00883393
-0.011711
-0.010177
-0.00900962
-0.0213022
-0.00851178
-0.0133113
-0.00875524
-0.0133152
-0.0134254
-0.0100267
-0.013532
-0.00632827
-0.0166802
-0.0114518
-0.0115253
-0.00849661
-0.0117307
-0.0133132
-0.0129302
-0.0100153
-0.00879199
-0.0161707
-0.0118186
-0.00707534
-0.0116179
-0.0142998
-0.0146598
-0.0131713
-0.00553297
-0.00841753
-0.0142464
-0.0130943
-0.0132176
-0.0123339
-0.0163539
-0.0104754
-0.0103071
-0.0116585
-0.0130976
-0.0116147
-0.0140188
-0.0146242
-0.0132974
-0.0146092
-0.0144712
-0.00708238
-0.0178047
-0.00539229
-0.0126637
-0.00982846
-0.00724509
-0.0124741
-0.00882654
-0.00850381
-0.0100083
-0.00996379
-0.00878924
-0.00706784
-0.0116082
-0.0147113
-0.00349007
-0.000761702
-0.013215
-0.0118262
-0.00393348
-0.00920702
-0.00527139
-0.0174382
-0.00226976
-0.00567934
-0.0114796
-0.0107254
-0.0097422
-0.00437487
-0.0131659
-0.0101698
-0.0133849
-0.00810462
-0.0056257
-0.0111787
-0.0150249
-0.0038974
-0.0118464
-0.0109991
-0.0120234
-0.0131312
-0.00736488
-0.0162106
-0.00423741
-0.00556839
-0.00887861
-0.0101379
-0.00417982
-0.0120741
-0.00237909
-0.0163525
-0.00239
-0.00119337
-0.0113674
-0.00838407
0.00602541
-0.00901983
-0.00905004
-0.00754159
-0.0162145
-0.00124297
-0.00685147
-0.0104744
-0.006959
-0.0152902
-0.00620698
-0.00277337
-0.00941518
-0.0100198
-0.0132932
-0.00814531
-0.00615441
-0.00243174
-0.0165277
-0.00397983
-0.00761847
0.00387551
-0.0137745
-0.0104672
-0.0124392
-0.00796991
-0.00674641
-0.0108323
-0.0168832
-0.0035483
-0.00450571
-0.0153981
-0.0106112
-0.0121068
-0.00851996
-0.00799892
-0.0122979
-0.0175631
-0.0054942
-0.00830903
-0.0138525
-0.010653
-0.013242
-0.00915353
-0.0165184
-0.00789043
-0.0146955
-0.0137227
-0.00740761
-0.0104435
-0.0142215
-0.00579789
-0.00724276
-0.0135552
-0.0134324
-0.00677912
-0.013519
-0.00548423
-0.0114576
-0.00420985
-0.00174172
-0.00733052
-0.0100155
-0.00716178
-0.00862083
-0.0084604
-0.0101006
-0.00086382
-0.00834338
-0.00999365
-0.00709897
-0.00503675
-0.0130629
-0.0024635
-0.0087604
-0.00852266
-0.00609794
-0.00700237
-0.00561812
-0.00858871
-0.00367428
-0.00638873
-0.00238626
-0.00744634
-0.0041487
0.000724315
0.00399796
-0.00506483
0.00250259
0.00114011
-0.00524814
-0.0037775
0.000802399
-0.00431121
-0.00560415
-0.00226792
-0.00209098
-0.004074
-0.0113906
-0.00238149
-0.00385525
0.000365424
-0.00490118
-0.0106691
0.00195429
0.000102914
-0.00236863
-0.00994347
-0.00262529
-0.00419309
-0.0055455
-0.00695437
-0.012811
0.000389157
-0.00557629
-0.00996576
-0.00854252
-0.0043908
-0.006716
-0.0055913
-0.00964288
-0.00569333
-0.0151016
-0.0073736
-0.00582309
-0.0165777
-0.0105081
-0.00599068
-0.00775772
-0.013232
-0.0122848
-0.013258
-0.00737162
-0.0133203
-0.00600645
-0.0167911
-0.0167668
-0.00935345
-0.0155852
-0.00970414
-0.0207879
-0.00298519
-0.0163398
-0.0150108
-0.0123714
-0.0107908
-0.00193811
-0.0113429
-0.0121819
-0.0140255
-0.0146993
-0.0126526
-0.017147
-0.0156286
-0.0116712
-0.015249
-0.0155949
-0.0152538
-0.0146992
-0.0150206
-0.00982096
-0.0161928
-0.0152185
-0.0147709
-0.0102103
-0.0183572
-0.00754992
-0.0147961
-0.00800822
-0.0184145
-0.00962919
-0.00807979
-0.0121606
-0.0149158
-0.0101759
-0.0070499
-0.0181235
-0.00262244
-0.0169156
-0.0117867
-0.00842079
-0.0149103
-0.0148808
-0.0041871
-0.0146582
-0.00352404
-0.0159991
-0.0027656
-0.0117936
-0.00487659
-0.00917039
-0.00233959
-0.0131716
-0.00248802
-0.0125021
-0.00413594
-0.00543358
-0.0065824
-0.00256489
-0.0119554
0.000672427
-0.0109102
0.000686918
-0.0116891
-0.00719245
0.00245825
-0.0140619
0.000496734
-0.0055863
-0.00961233
-0.00766917
-0.00187727
-0.00361776
-0.0101071
-0.00838071
-0.00426631
-0.00825972
-0.00724276
-0.0131376
-0.00238866
-0.00533592
-0.0150828
-0.00443491
-0.00708825
-0.0084514
-0.00695278
-0.0137213
-0.00358076
-0.00934443
-0.0110281
-0.00873404
-0.0101639
-0.00487885
-0.00573643
-0.0153044
-0.00491124
-0.0146474
-0.00584663
-0.00594194
-0.0151032
-0.00608322
-0.0105008
-0.00594053
-0.0159278
-0.00564474
-0.00951764
-0.0140748
-0.00474949
-0.0161254
-0.0029161
-0.0134405
-0.00475261
-0.0103713
-0.00851272
-0.00915819
-0.00941217
-0.00756293
-0.0147356
-0.00563882
-0.0147644
-0.00453505
-0.014649
-0.00152908
-0.0135944
-0.00825014
-0.007828
time between points =  0.002sec;      number of points = 6372
surface displacement (cm)
