0
-0.00469365
-0.00162837
0.000131737
-0.00375483
0.00111971
-0.00237615
-0.00126714
-0.00103449
0.00112032
-0.00463329
-0.000625384
-0.00257675
0.000329772
-0.000692295
-0.00180154
-0.00109909
-0.00239599
0.00167931
-0.00325367
-0.00118671
-0.0010564
0.000447449
-0.00324523
-0.00372102
0.00120375
-0.000696544
-0.00124799
-0.00253253
-0.000113977
-0.000746689
0.00418821
-0.00542251
-0.00180485
0
0
-0.00306467
0.00132028
-0.00054156
-0.00182579
-0.000506036
0.000284304
-0.00560081
-0.000362572
0.00229924
-0.00169478
-0.00271705
-0.0038931
0.00452418
-0.00327208
-0.00235532
-0.000886805
-0.00107897
-0.0006591
-0.00191065
0.00270933
0
-0.00109327
-0.00181846
-0.00171682
-0.00389556
0.000719787
-0.00187186
-0.00176899
-0.000819198
-0.00258997
0.000541424
-0.000156488
-0.000667104
-0.00339664
-0.00110127
-0.00251096
-0.000829556
-0.000352277
-0.00114233
-0.00101974
0.00180439
-0.00251649
-0.000972159
-0.00114119
-0.00397021
-0.000306661
0.000693422
-0.00270051
-0.00175282
0.000178955
-0.00257675
-0.00190508
-0.000785233
0.000477054
-0.0041073
-0.000319531
-0.00192002
-0.00166717
-0.000785233
-0.00257264
-0.00224087
0.00664984
-0.00533669
-0.00292819
0.00175295
-0.000159029
-0.00241501
-0.00111428
-0.00203377
-0.00188209
-0.000565492
-0.000191485
-0.00389892
-0.00110983
-0.00222771
0.00126965
-0.000791688
-0.00342014
0.00025314
-0.00127583
-0.000430557
-0.00171609
-0.00385817
0.00275764
0.000764922
-0.00343908
-0.00258032
0
-0.00265285
0.00121258
-0.00167983
-0.00327009
-0.00126696
-0.0017996
-0.00190003
0.00137269
-0.00380949
0.000341831
-0.00262732
-0.00328369
0.00180861
-0.000360591
-0.00233666
-0.00142096
-0.00339378
0.00144101
0.00213098
-0.00319488
-0.00249507
0.00144563
-0.00125018
-0.00125758
-0.00119383
-0.00179332
-0.000528522
-0.00180485
-0.00269192
-0.00117546
-0.00106533
-0.00148755
-0.000459508
-0.00288809
0.00185004
0.0012932
-0.00456412
-0.000981837
0.00282952
-0.00241281
-0.0011371
-0.00279217
0.00176137
-0.00258496
-0.00258391
-0.00159292
0.00045826
-0.00395285
-0.00109795
-0.00169672
0.000538011
-0.00332625
0.00107984
-0.00243705
0.000301159
-0.00217268
-0.000919752
-0.00396726
0.000997876
0
-0.00319687
-0.00207882
0.000330772
-0.00167034
-0.000543888
-0.000540556
-0.00253566
-0.00104536
0.000531983
-0.00181139
0.000831002
-0.00618922
0.00209887
-0.00103211
-0.00388846
-0.00135332
0.000162232
-0.005472
0
-0.0021625
-0.00500808
-0.000650646
-0.00178649
-0.000670997
-0.00361463
-0.000457213
-0.00232737
-0.000187035
-0.00143854
-0.00311602
0.00176799
0.000213429
-0.00521721
0.0029813
-0.00118363
-0.00131322
-0.00329062
-0.00175368
0
-0.00373114
-0.000277131
0.00204476
-0.00683136
0.00029422
-0.002234
-0.000217867
-0.0042604
-0.000355936
-0.000598375
-0.00179822
-0.00239258
-0.00145034
-0.00471116
-0.000908311
0.00020113
-0.00110176
-0.00183703
-0.000785217
-0.00232059
-0.00168415
-0.00187997
-0.00406008
-0.00121648
0.000365894
-0.00321806
0.00192571
-0.00449089
-0.00315669
-0.00133145
-0.00109467
0.00133513
-0.00528956
-0.00221787
0.000651315
-0.00175854
-0.00192773
-0.00335237
-0.00120244
-0.00124891
0.000208759
-0.00247093
-0.00242322
-0.000259368
-0.00186303
-0.00171748
-0.00147475
-0.00201339
-0.00187798
-0.00337576
0.000719064
-0.000214989
-0.0022934
0.000303446
-0.0028535
-0.00163259
-0.00262113
0.000238101
0.000283724
-0.00581252
0.00219538
-0.00162806
-0.00315302
-0.00118404
-0.000704077
-0.00318461
0.000358773
-0.00204946
-0.0018903
-0.00318659
0.00219795
-0.00277338
0.00179333
-0.00475821
-0.000565492
-0.000165717
-0.000826279
-0.00113849
-0.00301192
-0.000322004
-0.00189697
-0.00169909
0
-0.00256923
-0.00155936
-0.0016791
-0.00118339
-0.00471251
-0.000816985
-0.00179452
-0.00112259
-0.00125758
-0.00123822
-0.00309023
-0.000635347
-0.00179822
0.000424469
-0.00653956
0.00040639
0.0011857
-0.00246778
-0.00277782
-0.00121077
-0.00299697
-0.00312017
-0.00106389
0.000637299
-0.00328041
-0.00168483
-0.00085992
-0.00140049
-0.00169478
-0.00184607
-0.000273812
-0.0043971
-0.00115258
-0.00102423
-0.00171334
-0.00208297
-0.00325367
0.00036913
-0.00399804
-0.000143166
-0.00026741
-0.00752556
-0.0012247
0.00027328
-0.000213009
-0.00533669
0.00317591
-0.00271736
0.000129308
-0.00248781
-0.00171416
-0.00259763
0.000225799
-0.00385076
-0.000316854
-0.00190471
-0.00171286
-0.00381232
-0.000236071
-0.000701026
-0.00171803
-0.00278186
-0.00149998
-0.00197097
-0.00318323
0.000336323
0.000136513
-0.00260386
-0.00219216
-0.00086626
-0.00169478
-0.00114233
-0.000411292
-0.000469947
-0.0047947
-0.00113303
0.00161718
-0.00238216
-0.00180856
-0.00449316
0.00194311
-0.0010607
-0.00110577
-0.00374567
-0.00172273
-0.00118007
0
-0.000673374
-0.00482532
0.00192501
0.000186043
0.00109278
-0.00343659
0.000916083
-0.00335222
0.000399833
-0.00378881
-0.00106857
-0.00183498
0.000359862
-0.00369011
0.000524602
-0.000995112
-0.00330073
-0.000655191
0
-0.00656023
0.00236445
-0.00335237
-0.00361264
0
0.000372484
-0.00173722
-0.00102295
-0.00144156
0.000616371
-0.0033165
-0.000642434
-0.00167642
0.000406387
-0.0037025
-0.00126883
0.00043488
-0.00193803
-0.00172273
-0.00264831
-0.000161659
-0.00183839
-0.00126852
0.00183964
-0.00485705
0.003281
-0.00335894
-0.000592839
-0.00244645
-0.00281406
0.00266395
-0.00441097
0.00128392
-0.00102423
-0.000312824
-0.000583894
-0.0033159
-0.00345377
0.001267
-0.00114233
-0.00157187
-0.00341686
0.00106882
-0.00179254
-0.00180154
-0.00381231
-0.00159905
0.000702384
-0.00167365
-0.00194109
-0.00182135
0.000297519
-0.00254757
-0.00237063
-0.00167697
0.00108432
-0.00167835
-0.00127215
-0.0034974
-0.000242592
-0.00142234
-0.00123489
-0.00171472
-0.00104413
0.00209367
-0.00322315
-0.000767712
-0.00291911
-0.0047921
-0.000750627
-0.000451791
-0.00268707
-0.0011371
-0.00262113
-0.000112038
-0.00301739
0.00131977
-0.000642061
-0.00107949
-0.00118508
0.000372484
-0.00295593
-0.000396999
-0.00129455
-0.00404677
0.00104202
-0.00196623
-0.00137621
-0.00171278
-0.00275073
0.000119815
-0.0013009
-0.00496248
0.000763931
-0.00164375
-0.000652477
-0.00254887
-0.00153678
-0.00102747
-0.00146434
-0.00266223
-0.000323942
-0.00469037
0.00270862
-0.000684585
-0.00330294
-0.00262829
-0.000767358
-0.00175578
-0.00109795
-0.00159918
-0.00138635
-0.00466539
-0.00176618
-0.00175463
0.000429165
-0.00320417
-0.000985309
-0.00112259
-0.00180154
-0.00174226
-0.000155071
-0.00103463
-0.000824232
-0.00240479
-0.00380661
0.000203832
-0.000983971
-0.00392618
0.000338545
-0.00323737
-0.000130049
-0.00332807
-0.00260753
-0.00130273
-0.000243832
-0.0012905
0.000359678
-0.00254281
-0.000153518
-0.00319868
-0.00129933
0.000352196
-0.00619319
0.000828475
-0.00306541
-0.00176709
-0.00343197
-0.00308126
-0.000626419
-0.00307164
-0.000725647
-0.000149045
-0.00425021
0.000197433
-0.00339664
-0.00114945
-0.00338759
0.00325117
-0.00476015
0
-0.0039515
-0.00122428
-0.00173504
-0.00475686
-0.00103488
-0.00344461
0.00697749
-0.00373334
0.00123193
-0.00314316
-0.00226607
0.000456822
-0.000327539
-0.00261785
-0.00417622
-0.00125508
-0.00172135
-0.0035237
-0.00180485
0.000403111
0.00156852
-0.00389182
-0.00144774
-0.00169924
0.000426938
0.000595497
-0.00466539
0.000501886
-0.00411448
0.000447449
-0.00224272
-0.00225885
-0.00161583
0
-0.00243161
-0.00133982
-0.00176047
-0.00104179
-0.000903675
-0.00413075
-0.000193672
-0.00226275
-0.000775294
-0.00167658
0.000141253
-0.00201868
-0.00056828
-0.00085687
-0.00287481
-0.00269301
-0.00175265
0.000347471
-0.00203758
0.00118428
-0.00187945
-0.00193397
-0.00194337
0.0017953
-0.00114666
-0.00117741
-0.00323737
-0.00176395
-0.00207156
-0.00286222
-0.000149045
-0.000753845
-0.00159169
0
-0.000209808
-0.00236487
-0.000238537
-0.00136839
-0.00249185
-0.0011637
-0.00160602
-0.00355875
0.00136545
-0.00241092
-0.000204634
-0.00318847
-0.000247593
-0.00264859
-0.00122061
0
-0.00177554
-0.00183076
-0.00178877
-0.00123317
-0.0005281
-0.00449619
0.00187558
-0.00404856
-0.000381056
-0.00243578
-0.00163259
-0.0027412
-0.00111297
-0.000915257
-0.00183576
-0.00309648
-0.00159992
0.000567149
0
-0.00334436
-0.0032015
-0.00264203
-0.00146513
-0.00409402
0.000216916
-0.00142724
-0.00109876
-0.00436806
0.00114374
-0.00210289
-0.00170161
-0.00123489
-0.00296516
-0.00410397
-0.000453732
-0.00443104
0.0015847
0.000294166
-0.00355225
0.000759068
-0.00180016
-0.00258853
-0.00351591
-0.0011564
-0.000275792
-0.00216672
0
-0.000680495
-0.00191002
-0.0027785
-0.00113892
-0.00138931
-0.00160455
-0.00209415
-0.0046243
-0.00118339
-0.0013397
-0.00264483
0.00123571
-0.00176919
-0.00335558
-0.00260871
-0.000164953
-0.00285501
0.000612272
-0.00297633
-0.00178843
-0.000680495
-0.00175265
-0.00197969
-0.00125303
-0.00128255
-0.00180154
-0.00159043
-0.000290034
-0.00410014
-0.00167503
-0.00328251
0
0.000219168
-0.00107455
-0.00550511
0.0015273
-0.00061615
-0.00503039
-0.00131139
-0.000144253
-0.00219184
-0.000147313
-0.00143972
-0.00273912
-0.00125303
0.00187021
-0.00274489
-0.00259999
-0.00112814
-0.00176047
-0.00186403
-0.00201745
-0.00121206
-0.00267778
0.000606976
-0.000270495
-0.00393028
0.000254478
-0.00281471
-0.00171941
-0.000967053
-0.00254936
-0.00163066
0
-0.00246455
-0.0028649
0.00212456
-0.00520594
-0.00262113
0
-0.00260741
-0.00129317
-0.00433413
-0.000335751
-0.00188766
-0.00466674
-0.00134716
0.00029829
-0.00485018
0.00153708
-0.00117366
-0.00104918
-0.00363572
-0.00072868
-0.00181139
-0.00316059
-0.00140945
-0.00202026
-0.000501706
0.00114515
-0.00458459
0.000337776
-0.00310091
-0.00322765
0.000788952
-0.00342208
0.000331458
-0.0033557
0
-0.00367876
-0.00323102
-0.00363944
-0.00347199
-0.00162735
-0.00500928
-0.00217648
-0.000279113
0.000201285
-0.00501106
-0.00183251
0.000450723
-0.00342702
-0.000639435
-0.00352567
-0.00126357
-0.00132927
-0.000308642
-0.00122445
-0.00261725
-0.00126062
-0.00328912
-0.00275492
-0.000491062
-0.000529246
-0.00704239
0.00219781
-0.00261652
0.000498906
-0.00305645
-0.00279907
-0.000359435
-0.00471379
-0.000799591
-0.000190352
-0.00486878
-0.000858542
-0.00175716
-0.00441249
0.00126775
-0.00200897
-0.00497908
-0.00342269
0.000130516
-0.004036
-0.00301137
0
-0.00386931
-0.00121135
-0.00331116
0.000550403
-0.00281642
-0.00188754
-0.00311602
-0.00206943
-0.000166849
-0.00112259
-0.00250561
-0.00121401
-0.00346946
-0.00191527
-0.00467609
0.00259373
-0.0039556
0.000512329
-0.00300826
-0.00116697
-0.00167503
-0.00193397
-0.00186268
-0.000747976
-0.00398985
0.000534674
-0.00182548
0.00159319
-0.000244462
-0.00405572
-0.000849011
-0.0023411
-0.00186887
-0.00103449
-0.00396683
-0.00117741
-0.00167172
-0.00190582
-0.00180856
-0.0019729
-0.00337576
0.000904944
-0.0018473
-0.00268707
0.00103455
-0.00234488
-0.00186066
-0.0023411
-0.00140794
0.000249785
-0.00315647
-0.00506593
0.00131783
-0.00233778
0.000741273
-0.00127548
-0.00325367
-0.00288984
-0.00174405
0.000201671
-0.00239193
-0.00114772
-0.00250634
-0.00277137
0.00115031
-0.00412063
0.00153708
-0.00257675
0.00174163
-0.00569946
-0.00167697
0.000659105
-0.00196622
0.000212113
-0.00386522
-0.00291271
-0.00180292
0.000354926
-0.00101268
-0.00345692
0.00123581
-0.00244589
-0.00100713
-0.00184198
-0.00327346
0.000452445
-0.00173218
-0.00274881
-0.00395739
-0.00254281
-0.000334372
0.000130508
-0.00541597
-0.00120182
-0.00179901
-0.00481677
-0.000314873
0.000324834
-0.0041871
-0.0023482
0.00127172
-0.00473552
-0.00241974
-0.000904292
-0.00331165
0
-0.0038136
0.000946295
-0.00538652
0.000183718
-0.00487206
0.00209399
-0.00110151
-0.00278164
-0.00320836
-0.000617768
-0.00528844
-0.00118339
-0.000403633
-0.00343597
-0.00125956
-0.00113919
-0.00157187
-0.00212648
-0.0016099
-0.00113521
-0.00277751
0.00068425
-0.00243832
-0.00454262
0
-0.00265571
-0.00329324
0.000608893
-0.00466738
-0.0014828
-0.00399529
-0.00281406
-0.000357916
-0.00326549
-0.00172498
-0.00261785
-0.00288716
0.00118786
-0.00380926
-0.00137376
-0.00171609
-0.00239252
-0.00187459
0.00105265
-0.00464918
0.00109402
-0.00021257
-0.00072868
-0.00318538
-0.000928513
-0.00465128
0.000297519
-0.00338264
-0.00135428
-0.0025844
0
-0.00320275
-0.00132229
-0.00294078
-0.00232405
-0.00212781
-0.00182603
-0.00167952
-0.00431579
-0.00175265
0.00113052
-0.00188836
-0.00553576
-0.00253025
0.000526817
-0.00502841
-0.000799591
-0.00463585
-0.00298059
-0.0026981
-0.00265507
-0.00553656
-0.000650646
-0.00346946
-0.00248699
-0.0038696
-0.0043875
-0.00269944
-0.00063722
-0.00219544
-0.00180411
-0.000104708
-0.00130277
-0.00383231
-0.0013099
-0.00156156
-0.00251588
-0.0032015
-0.0011357
-0.00348129
-0.000824726
-0.00623233
-0.00338141
-0.00115079
-0.00138871
-0.00399394
-0.00343439
0.00271367
-0.00307164
-0.0011823
0.000747172
0.00123571
-0.00390937
-0.00167697
-0.000572614
-0.00188014
-0.0011599
-0.00734553
-0.00269617
-0.00310811
-0.00252511
-0.00467829
-0.00373499
-0.00303551
-0.0024607
-0.00113592
0.000382656
-0.00309242
-0.00129043
-0.00114565
-0.00175088
-0.000702016
-0.000483085
-0.00469113
-0.000385506
-0.00175522
-0.00267737
-0.00111389
-0.00569456
-0.00307819
-0.00263412
-0.00245624
-0.00480494
-0.00409796
-0.00465029
-0.00344618
-0.00528016
-0.00278898
-0.00125896
-0.00281901
-0.000282916
-0.000725647
0.00164085
-0.00175151
-0.000676549
0.00151349
-0.00085687
-0.0035319
-0.000684585
-0.00346946
-0.00426069
-0.00269397
-0.00534474
-0.00257347
-0.00471812
-0.00150874
-0.00320417
-0.0054328
-0.00184398
-0.00326347
-0.000259368
-0.000751252
0.000538526
-0.0027892
0.00172621
-0.00236453
0.000283772
0.00175074
-0.00204732
-0.00495354
-0.000196421
-0.00143373
-0.00269944
-0.00466891
-0.00315577
-0.000510412
-0.004683
-0.00409681
-0.00286582
-0.00326249
-0.0018377
-0.00155003
-0.00130002
0.00378411
-0.0038168
-0.00318797
0.00179621
-0.000822905
-0.00357633
-0.00194821
-0.0031519
-0.0014828
-0.00103043
-0.00377881
-0.0036155
-0.0047921
-0.00442884
-0.00125839
-0.00274054
-0.00413472
-0.0006148
-0.0035685
-0.000231413
-0.000718525
-0.0037597
-0.00332124
0.00169655
-0.00113303
-0.00180292
-0.00302976
-0.00326555
-0.00111551
-0.000205644
-0.00485478
-0.000114693
-0.00240949
-0.00538636
-0.00334436
-0.00272923
-0.00610205
-0.00198655
-0.00349125
-0.00658452
-0.000787784
-0.000315519
0.00046605
-0.00487344
-0.000470469
-0.000132132
-0.00111551
-0.00149967
-0.00233778
-0.00330997
-0.000765652
-0.00330867
-0.00263157
-0.00576644
-0.00261785
-0.00141693
-0.00368278
-0.006584
-0.0022528
-0.00104508
-0.00507275
-0.00413842
0
-0.00142418
0
-0.00333076
-0.00268707
0.000178955
-0.00467391
-0.00162928
-0.00274792
-0.00310219
-0.00574122
-0.00164375
-0.00313754
-0.00175593
-0.00459062
-0.00183484
-0.00313649
-0.00184141
-0.0052956
0.000244974
-0.0010372
-0.00488022
0.00169386
-0.00500612
0
-0.00361249
-0.00169289
-0.00202718
-0.0010607
-0.0039682
-0.00116697
-0.00319821
-0.00327675
-0.00174894
-0.00335092
-0.00148731
-0.00258719
-0.002872
-0.00273072
-0.00472267
0.000557242
-0.00470783
-0.00270349
-0.00334515
-0.00125206
0.00118428
-0.00374261
-0.0030292
0.000507485
-0.00270678
-0.0042196
0
-0.00420196
-0.00141012
-0.00237063
-0.00276321
-0.00374567
-0.00322518
-0.00373948
-0.00160455
-0.000869752
-0.00502351
0.000403111
-0.00302817
-0.00283004
-0.00315383
0.00107752
-0.00124761
-0.00113901
-0.00127013
-0.000936606
-0.00171609
-0.00390452
0
-0.00528514
-0.00221459
-0.00524792
-0.000661944
-0.00416852
-0.00304841
-0.00237706
-0.00135853
-0.00129548
-0.0018285
-0.00213989
-0.00347635
0
0.00104398
-0.00413408
-0.000407411
-0.000222707
-0.00180485
-0.00344163
-0.00342509
-0.00326962
-0.00503907
-0.00228631
-0.00128358
-0.000654365
-0.00323042
-0.00374715
-0.00353635
0.000350836
-0.000177486
-0.00210927
0.00168593
-0.00429461
0.000236617
-0.00108618
-0.00174099
0.000772965
-0.00350075
-0.00360544
-0.00652671
-0.00304174
-0.00181012
-0.00681366
-0.00708432
-0.00329614
-0.00201038
-0.00648717
-0.000386709
-0.00264399
-0.00232059
0.00223403
-0.00371724
0.00126458
0.00121403
-0.00157945
0.00335914
-0.00692955
-0.00266572
-0.0032607
-0.00489096
-0.0062193
-0.00560133
-0.0064589
-0.00648398
-0.00446881
-0.00575089
-0.000643966
-0.0049342
0.000529576
0.00124808
-0.00161416
0.00116042
-0.000218057
0.00371685
-0.00172786
0.000357569
0.000384783
-0.00325139
-0.0041447
-0.00353238
-0.00442062
-0.00555637
-0.00446838
-0.00630712
-0.00746227
-0.00476169
-0.00442546
0
-0.00427113
0.000509974
-0.00167131
0.00247363
0.000987552
-0.00059978
-0.000220441
-0.000535866
0.00133832
-0.0018377
-0.0043187
-0.00324475
-0.00632297
-0.00560954
-0.0049605
-0.00486043
-0.00469328
-0.00720871
-0.00347232
-0.00365493
-0.00128548
-0.00101526
-0.000397404
-0.0017441
0.00178553
-0.000903726
0.0011414
-0.00407198
0
-0.00319956
-0.00115653
-0.00252081
-0.00343913
-0.00522802
-0.00690958
-0.00317906
-0.0035988
-0.0013014
-0.00824373
-0.00203634
-0.00330077
0
0
-0.00082659
-0.00616309
0.000245313
-0.00203411
-0.000338464
-0.00261686
-0.00320749
-0.00125508
-0.00565547
-0.000999798
-0.00472687
-0.00547754
-0.00180485
-0.00192259
-0.00376511
0.00155755
-0.00597287
-0.00430026
0.000517225
0.00119465
-0.00218837
-0.0038012
-0.0020843
0
-0.00099029
-0.000862169
-0.00506793
-0.00285686
-0.00311468
-0.00186172
-0.00184398
-0.00516168
-0.00179791
-0.00466476
0.000575363
-0.00129593
-0.00253237
-0.00191398
-0.00291561
-0.00173856
-0.00254943
-0.00397726
-0.00145083
-0.000890803
-0.00351879
-0.00310617
-0.000833836
-0.00453994
-0.00180485
0
-0.00282945
-0.000282916
-0.00312168
-0.000320173
-0.00232737
-0.00203213
-0.000683528
-0.00315979
-0.00280422
-0.00255211
-0.00342295
-0.00153219
-0.00541508
-0.00152429
-0.0038062
-0.00175088
-0.00201035
-0.000843176
-0.00524977
-0.00201624
0.000689731
-0.00338264
0.00147117
-0.0020105
-0.00153616
-0.000127688
-0.00197088
-0.00176185
-0.0049648
-0.00108715
-0.00664879
-0.00145543
-0.00145496
-0.00344106
-0.00600602
-0.00176047
-0.00286656
0.000217339
-0.00120918
-0.00555967
0.000331048
-0.00162477
0.000560075
-0.000993428
-0.00329855
-0.000248971
-0.000753716
-0.0030892
-0.00237175
-0.00179505
-0.00559776
-0.00337051
-0.00408568
-0.00157325
-0.00314058
-0.003242
-0.00541508
0.00204115
-0.00139263
-0.00315249
-0.00391557
-0.000147955
0.000406387
0.00299672
-0.00323665
-0.00348129
-0.00106733
-0.00125758
-0.00119602
-0.00335558
-0.00313044
-0.00279564
-0.00509466
-0.00121648
-0.00347855
-0.00336818
-0.000614738
-0.00184141
-0.00476744
-0.00068397
-0.00426614
0.000395184
0.000566783
-0.00166785
-0.000817388
-0.00176574
-0.00286398
-0.00253784
0.000294171
-0.00473984
-0.00241613
-0.00395829
-0.0035168
-0.00290165
-0.000541377
-0.0050768
-0.00190627
0.00140914
-0.00215137
-0.00205989
-0.00340214
-0.00106307
0.000580206
-0.000223776
-0.000147435
-0.00376682
-0.00298059
0.00156785
-0.00326661
-0.00333209
-0.00120091
-0.00521872
-0.00376182
-0.00427488
-0.000881033
-0.00463522
-0.00459279
0
0.000601088
-0.00240405
-0.00328495
0.00284864
-0.00134932
0.00304594
-0.0027961
-0.00162293
-0.00143373
-0.00312062
-0.00238645
-0.00175854
-0.0051326
-0.00187821
-0.00154363
-0.0051553
-0.00399113
-0.00391606
-0.00702563
-0.000231413
-0.000729894
-0.00111523
-0.0027211
-0.000481542
-0.000349546
-0.00206624
-0.000719452
-0.0049077
0.000746586
-0.000229433
-0.00223333
-0.00402151
-0.00372073
-0.00164889
-0.00142025
-0.00475821
-0.000763502
-0.00255211
-0.00384345
-0.00147908
-0.00287783
-0.00520161
0.000539787
-0.00158696
0.000530982
-0.000744328
-0.00199392
-0.00159072
-0.00222228
0.00106955
-0.00545104
-0.00106337
-0.000675183
-0.00020791
-0.00240571
-0.00550962
-0.000785217
-0.00168668
-0.00208539
-0.00166326
-0.00361465
-0.000228096
-0.00163612
-0.00269301
-0.00331402
-0.000816985
-0.00261785
0
-0.00274456
-0.00240539
-0.00130047
-0.00319687
-0.000497471
-0.00169478
-0.00233778
-0.00283114
0.000610288
-0.00315518
-0.00193082
-0.0034835
-0.00404677
-0.0006148
-0.0014985
0
-0.00182983
-0.00257675
-0.00120048
-0.00204118
-0.00111443
-0.00391175
-0.00142326
0.00137499
-0.00334372
-0.00171472
0.00158342
-0.0017591
-0.00306895
-0.00172718
-0.00176047
-0.00299225
-0.000178648
-0.00700263
-0.000176365
-0.00233596
-0.00119871
-0.00426069
-0.00130273
0.000420938
0.000163171
-0.00418166
-0.00159109
-0.000250869
-0.00290777
-0.00228893
-0.000993533
-0.0017105
-0.00200211
-0.00348129
-0.000408826
-0.00337883
-0.00070348
-0.00322437
0
-0.00393515
-0.00210535
-0.000140789
-0.00106743
-0.00243032
-0.00207083
-0.00256488
0.00105755
-0.00302264
0.00043296
-0.00316196
-0.000355936
-0.00414789
0
-0.0025696
-0.00321321
-0.000680495
-0.0017996
-0.00121436
-0.00248811
-0.00340494
-0.000203366
-0.00225944
-0.00252342
-0.00430179
-0.00198478
-0.00123525
-0.00221795
0.00109473
-0.00167365
-0.00316059
-0.000257387
-0.00139684
-0.006013
0.000488509
-0.000361235
-0.0049642
-0.000231413
0.000444172
-0.00274642
-0.00128053
-0.0029296
-0.00233446
-0.00326757
0.00223301
-0.00466341
-0.000828439
-0.00151237
-0.00520569
-0.00174405
-0.000930833
-0.00171803
-0.00100782
0.000301047
-0.00183754
-0.00167697
-0.00102676
-0.00463235
-0.00109795
0.000867979
-0.00193802
-0.00261305
-0.00281901
-0.00192942
-0.00301436
-0.00324882
-0.000867341
-0.00299486
-0.00269301
-0.00324125
-0.00161622
-0.00122061
0
-0.00198973
-0.00197503
0.00305927
-0.00230382
0.000155453
-0.00452969
-0.00332362
-0.00170226
-0.000206531
-0.00336861
-0.00130994
-0.00322166
-0.00283237
-0.00240571
-0.00179901
-0.000743467
-0.000355936
-0.00109463
-0.0028011
-0.00270013
-0.00151454
-0.00126376
-0.000284857
-0.00455556
0
-0.000614738
-0.00324596
-0.00277514
-0.000995046
-0.00025951
-0.00457064
-0.0048138
-0.00137258
-0.00106288
-0.000237122
-0.00482349
-0.000709717
0.00203243
-0.00167244
-0.00636255
0.00132572
-0.000625913
-0.00114955
-0.00422292
-0.00174894
0.000694017
-0.00319687
-0.00454017
-0.00119079
0.000376293
-0.00366269
0.00258476
-0.00181777
-0.000680495
-0.00187256
-0.00425561
-0.00379666
0.00264439
-0.00132069
-0.00376958
-0.00185783
0.00041351
-0.00120555
-0.00418566
-0.000474707
-0.00131087
-0.0011371
-0.00429796
-0.00178843
-0.000532614
-0.00328076
-0.000988583
-0.00327208
-0.00186927
-0.00184339
-0.00110398
-0.00247267
0
-0.00250056
-0.00205396
-0.00255893
-0.00296753
-0.00176047
-0.000163988
-0.000321511
-0.00504737
0.000617709
-0.00122445
-0.00318323
-0.00191701
-0.00120676
-0.00112492
-0.00154414
-0.0027308
-0.0039682
0
-0.00192378
-0.00197503
-0.003233
-0.00313164
-0.000193681
-0.00094079
-0.0016753
0.000568947
-0.00308071
-0.00259435
-0.00335696
-0.000685711
-0.00638221
-0.00102062
-0.0026531
-0.00493245
0.0012508
0.000469478
-0.00380646
-0.00262442
-0.00163259
-0.00156818
-0.00381344
-0.000520827
0.00152839
-0.00333877
-0.00347141
0
-0.00263017
-0.00114836
-0.00175724
-0.000471584
-0.00519468
-0.00123822
0.000470272
-0.0044551
0.000895918
-0.00374567
-0.0017223
-0.00162239
-0.00114938
-0.00484443
-0.000718843
-0.000245696
-0.00128294
-0.00326641
-0.0032707
0.00313945
-0.00121514
-0.00295386
-0.00330294
0.000403111
0.000295618
-0.00738285
-0.000360591
-0.00188304
-0.000163572
-0.00183117
-0.00537676
0.0038501
-0.00401852
-0.00494792
-0.000640492
-0.00336558
-0.00159109
-0.00296689
-0.0029296
0.000488509
-0.000259368
-0.00337978
-0.00315577
0.00377253
-0.00255617
-0.00425686
-0.00186754
-0.00129282
-0.00284306
-0.00195772
-0.00347775
0.000286022
-0.00309242
-0.00259723
0.000401083
0.00092912
-0.00353393
-0.00343908
-0.00075577
0.00117911
-0.00191019
-0.00201094
-0.00298348
0.000369172
-0.00179526
-0.00244645
-0.00276969
-0.000248971
-0.000385506
-0.00511725
0.000335233
-0.0022769
-0.00310697
-0.00141495
0.000406387
-0.00247405
-0.00271616
-0.00171666
0.000703321
-0.000414474
-0.00344106
-0.00248839
0.000298368
-0.00114945
-0.00368392
-0.00400128
0.000468808
-0.000272474
-0.00197503
-0.00325565
-0.00105689
-0.00311454
-0.00273743
-0.000601456
-0.00117186
-0.00332124
-0.00176709
-0.000365812
-0.00110176
-0.00107574
-0.00217281
-0.000435388
-0.00155124
-0.00487004
-0.00111551
0.00297447
-0.00200623
-0.00330294
0.000212113
0.000388593
-0.000773729
-0.00277318
-0.000685711
0.00127485
-0.00441001
0.00158141
-0.00311649
-0.000400315
-0.00270349
-0.00180485
-0.00514444
-0.00176047
-0.00127745
-0.00869159
-0.00159109
-0.000306661
0.000757776
-0.000168747
-0.00270241
-0.0039912
0.00188729
0.00133559
-0.00317572
-0.0019333
0.00057718
-0.00162902
-0.00464634
0.00273356
-0.002848
-0.000196096
-0.000606553
-0.00365193
-0.00268965
0.000118051
0
-0.00327346
-0.0036624
0.00136157
-0.00272695
-0.00165723
0.000431932
-0.00311468
0.000497044
-0.00371345
0.000328243
-0.00291819
-0.00199447
-0.00434362
0.00201326
-0.00166212
-0.00265836
-0.0026643
-0.000394732
-0.000163572
-0.00202628
-0.00176414
-0.00258719
0.0019238
0.00152266
-0.00339752
-0.00302976
-0.00162477
-0.0011357
-0.00119188
-0.00122121
-0.00022844
-0.00398176
-0.00203422
-0.00117149
-0.000151767
0.000650311
-0.00254626
-0.00531911
0.00239883
-0.00202146
-0.000359435
-0.0022114
0
-0.00104427
-0.00204657
-0.00250172
-0.0010755
0.00332612
-0.00353883
-0.00197809
-0.00110498
0.00163071
-0.00659808
0.00109354
-0.000114693
0.000403111
-0.00253569
-0.00118007
-0.00311005
-0.00123817
0.000431338
0.00101953
-0.00167365
0.000683894
-0.000219884
-0.00370046
-0.00130836
-0.00131087
-0.000189015
-0.00448141
0.00105127
-0.00265907
-0.00360561
0.00222933
-0.00419398
0.00192349
-0.00322315
0.000718257
-0.00170827
-0.000538986
0.00194174
-0.00112051
0.00477559
-0.000898382
-0.00140046
0.00551518
0
0.00208708
-0.00035104
-0.00574122
0
-0.00413198
-0.000315519
-0.0032255
-0.00265274
-0.0076246
-0.00660163
-0.00270349
-0.00540563
-0.0076171
-0.00488621
-0.00109898
-0.00182983
0.00524015
0.0106821
0.0132546
0.0187446
0.0221855
0.0240893
0.0225877
0.0251749
0.0281383
0.0205972
0.00796374
0.00792686
0.00854739
0.00656667
-0.00524431
0.00315519
0.0055288
0.00319948
0.00184037
0.00167135
0.00186715
0.00293477
0.00367763
0.00295659
0.000458407
0.00111971
0.00321025
-0.00015892
-0.00107332
0.00175139
0.00463284
0.00164509
0.00299857
0.00106963
0.00196729
-0.00482252
-0.00654622
-0.000537319
0.0015641
0.00379463
0.00324469
0.00446865
0.00388676
0.00431105
0.000683281
0.00474817
0.00164525
0.00293477
0.0030847
0.00470791
0.0029581
0.00428695
0.00462448
-0.00132413
0.00441336
0.00227545
0.00408314
0.003119
0.0086142
0.00343045
0.00710943
0.00471394
0.00160846
0.00651979
0.00147681
0.00575222
0.00298404
0.00464919
0.00607829
0.00600717
0.00300314
0.0047238
0.00443861
0.00716279
0.00403913
0.00600319
0.00606057
0.00608132
0.00457593
0.00438705
0.00463794
0.00364933
0.00642602
0.00586765
0.00634195
0.00712045
0.00301269
0.00637966
0.00603259
0.00452055
0.00760149
0.00509673
0.00851756
0.00485785
0.00459129
0.00622588
0.00608192
0.00756308
0.00319708
0.00946748
0.00297711
0.00887261
0.00516623
0.00494846
0.00748827
0.00461145
0.00612637
0.00386334
0.00598272
0.00758694
0.00599258
0.00771141
0.00447846
0.00705898
0.00485785
0.00787124
0.00521735
0.0046879
0.00721477
0.00468843
0.00636166
0.00656423
0.0043827
0.00469809
0.00456283
0.00600482
0.00602073
0.0030423
0.00741855
-0.00481784
-0.00358293
0.00828918
0.00441658
-0.000253766
0.00549626
0.00603578
0.0082497
0.00341936
0.00415677
0.00947158
0.00614619
0.00326311
0.00621036
0.00426805
0.00975504
0.00171211
0.0108892
0.00295885
0.0124521
0.00297717
0.00281079
0.0111001
0.0111399
0.00620911
0.0190818
0.017658
0.0157067
0.0225646
0.0295696
0.0272228
0.0293429
0.0315016
0.0281534
0.0257991
0.0269853
0.0250801
0.0253865
0.0219984
0.0203584
0.0191421
0.0190719
0.0144185
0.0124352
0.00526862
-0.00338774
0.00151111
0.00271364
-0.00161256
0.00899836
0.0011294
0.00722266
0.000760843
0.0106507
0.00406709
0.00491682
0.00363423
0.00321671
0.00632896
0.00950464
0.00334643
0.00905629
0.00946498
0.00853864
0.00770217
0.0107391
0.0109536
0.0138341
0.0126639
0.0100482
0.0189035
0.0113523
0.0144738
0.0168652
0.016185
0.0155185
0.0151152
0.0136199
0.0130428
0.0210654
0.0167188
0.0212662
0.0199358
0.0213005
0.0251373
0.0245652
0.0240989
0.0307239
0.027673
0.0327183
0.035137
0.0352143
0.0379651
0.041369
0.0439938
0.0483205
0.0454096
0.0515097
0.0571947
0.0585059
0.0626228
0.0664505
0.0695989
0.0719411
0.0745023
0.0834504
0.0827864
0.0909665
0.101066
0.104351
0.108372
0.121827
0.122381
0.127813
0.130266
0.140919
0.141196
0.144001
0.149926
0.165701
0.160448
0.173449
0.175096
0.178822
0.185422
0.189361
0.193007
0.200611
0.202435
0.207962
0.225579
0.233955
0.238465
0.252684
0.261388
0.264486
0.29279
0.292659
0.314949
0.3308
0.335159
0.346151
0.359255
0.369384
0.380519
0.387316
0.39311
0.404278
0.411658
0.413792
0.437707
0.448222
0.465206
0.484413
0.497869
0.511285
0.527732
0.554595
0.578741
0.600093
0.618421
0.642857
0.659968
0.676262
0.696503
0.713574
0.729111
0.748605
0.765439
0.777997
0.794547
0.807962
0.826185
0.843545
0.867069
0.879601
0.888431
0.897889
0.903061
0.937159
0.965632
0.997072
1.01817
1.04489
1.0653
1.09724
1.12293
1.14896
1.17207
1.20101
1.2227
1.25198
1.27652
1.30967
1.33579
1.36803
1.38725
1.41213
1.43817
1.46439
1.48746
1.51383
1.53922
1.56211
1.58613
1.60683
1.628
1.64735
1.67632
1.70628
1.72903
1.75168
1.76724
1.78723
1.80606
1.81829
1.83342
1.8421
1.85283
1.86098
1.87824
1.88271
1.88481
1.88471
1.89307
1.89118
1.88933
1.89005
1.88739
1.8841
1.884
1.87888
1.88003
1.87457
1.86598
1.85412
1.8496
1.83188
1.82246
1.80083
1.78479
1.76617
1.7353
1.71546
1.68789
1.66189
1.63612
1.61117
1.58524
1.56062
1.52991
1.5034
1.46252
1.43803
1.41198
1.38303
1.35132
1.32474
1.29238
1.2581
1.23
1.20235
1.17445
1.14649
1.11536
1.08615
1.05637
1.03239
1.00786
0.987314
0.949891
0.920843
0.890497
0.873103
0.834553
0.81025
0.79894
0.762964
0.739336
0.714512
0.696928
0.69158
0.675917
0.667699
0.655136
0.632403
0.635651
0.610845
0.614693
0.599713
0.57413
0.570748
0.556134
0.553565
0.539593
0.529331
0.529435
0.512191
0.504931
0.497531
0.489276
0.469666
0.429567
0.43086
0.418798
0.419259
0.40147
0.41437
0.40154
0.392274
0.381052
0.37234
0.366968
0.35446
0.335797
0.323515
0.317314
0.306081
0.299068
0.295574
0.283686
0.274253
0.265992
0.258648
0.240432
0.230804
0.233228
0.232585
0.229339
0.222244
0.229114
0.224101
0.215047
0.211579
0.206794
0.205541
0.206873
0.197763
0.19778
0.18902
0.188327
0.184521
0.176667
0.17772
0.160242
0.164125
0.143
0.146856
0.139674
0.137265
0.125206
0.124939
0.118714
0.113604
0.112582
0.108004
0.106204
0.0986406
0.101291
0.0895868
0.0919783
0.0900277
0.0801245
0.0823731
0.0771024
0.0732424
0.0711459
0.0647286
0.0655651
0.0614157
0.0567855
0.0601312
0.0567804
0.0495273
0.0513684
0.0470757
0.0478453
0.0455081
0.0398438
0.0396379
0.0381353
0.0290523
0.0337044
0.0317074
0.0288008
0.0292898
0.0231246
0.025061
0.0224129
0.0200897
0.0176622
0.0211275
0.0167607
0.0195255
0.0138833
0.014007
0.0134522
0.0141184
0.00898372
0.0116813
0.00676376
0.00619385
0.00910572
0.00575912
0.00434285
0.00896504
0.00526225
0.0100883
0.00565136
0.0107335
0.00656646
0.00782517
0.0109166
0.00997312
0.00826859
0.0118111
0.0102613
0.0108231
0.0132087
0.008974
0.01445
0.0118365
0.00957324
0.0133951
0.0121524
0.0107924
0.0103862
0.00721242
0.0103882
0.0106355
0.00894302
0.00655176
0.0150162
0.00755905
-0.000563497
0.0210381
0.00710791
0.00217822
0.00436159
0.00551313
-0.000141364
0.00222429
-0.00243097
-0.0024607
-0.00414756
-0.0100042
-0.0107086
-0.0156664
-0.0207525
-0.0249845
-0.0405769
-0.0382527
-0.0247058
-0.0415955
-0.0491097
-0.0548854
-0.0351773
-0.0398203
-0.0520479
-0.0506821
-0.0511891
-0.0635666
-0.0728277
-0.0717121
-0.0794239
-0.0918738
-0.0824537
-0.0750424
-0.0664548
-0.069259
-0.0849603
-0.062971
-0.12492
-0.112122
-0.111805
-0.129304
-0.109361
-0.090459
-0.127953
-0.109511
-0.178204
-0.137585
-0.14904
-0.145663
-0.121007
-0.175914
-0.121646
-0.129433
-0.114909
-0.122605
-0.162114
-0.162059
-0.145657
-0.147701
-0.162913
-0.128125
-0.134715
-0.132034
-0.12089
-0.130498
-0.115565
-0.138431
-0.112089
-0.122302
-0.11524
-0.113766
-0.116507
-0.121525
-0.114338
-0.117712
-0.107966
-0.113271
-0.0977851
-0.111692
-0.105541
-0.115029
-0.10354
-0.107684
-0.0718825
-0.108017
-0.10914
-0.078308
-0.0657127
-0.061105
-0.0339669
-0.029692
-0.0238632
-0.0142446
-0.00912266
0.0082032
0.00726597
0.00722442
0.0136835
0.0201158
0.0291791
0.0397747
0.0396361
0.0394942
0.0433632
0.0450441
0.047746
0.0635341
0.0628398
0.0648451
0.0692158
0.0705492
0.0719952
0.0730976
0.0713314
0.0734374
0.0682056
0.0630325
0.0590111
0.0537981
0.0500288
0.0532844
0.049859
0.0452083
0.0510072
0.0445033
0.0478806
-0.0138558
-0.0304308
-0.0338179
-0.0397843
-0.0297018
-0.0418878
-0.0283685
-0.0373134
-0.0551482
-0.0501428
-0.056532
-0.0582835
-0.075105
-0.0750443
-0.0778049
-0.0833562
-0.086069
-0.0841761
-0.0893887
-0.0929243
-0.0928679
-0.0972034
-0.102266
-0.0993801
-0.104909
-0.110979
-0.109266
-0.115338
-0.11357
-0.121451
-0.119664
-0.118182
-0.122031
-0.12212
-0.120104
-0.12206
-0.117547
-0.125799
-0.123628
-0.117438
-0.124607
-0.113748
-0.12206
-0.118789
-0.113849
-0.121914
-0.112964
-0.117282
-0.113669
-0.117679
-0.11467
-0.109524
-0.115951
-0.112083
-0.110724
-0.111779
-0.108075
-0.113843
-0.109918
-0.107422
-0.109684
-0.107902
-0.111144
-0.108997
-0.106757
-0.110462
-0.110024
-0.107575
-0.109958
-0.111362
-0.109596
-0.105804
-0.10828
-0.110941
-0.107638
-0.106621
-0.107399
-0.108638
-0.109042
-0.10933
-0.107424
-0.110349
-0.109118
-0.113342
-0.10889
-0.111975
-0.110475
-0.115002
-0.114302
-0.111762
-0.116757
-0.118411
-0.116448
-0.113101
-0.121647
-0.112956
-0.117785
-0.115732
-0.116872
-0.112729
-0.114478
-0.111805
-0.111744
-0.116533
-0.122354
-0.113725
-0.121891
-0.121317
-0.121653
-0.122662
-0.120374
-0.119667
-0.112474
-0.114642
-0.120926
-0.123328
-0.121571
-0.119638
-0.121126
-0.124305
-0.122301
-0.114946
-0.118758
-0.120939
-0.121309
-0.119317
-0.117211
-0.119797
-0.118438
-0.119707
-0.12185
-0.118004
-0.117536
-0.118431
-0.118891
-0.11848
-0.120757
-0.119788
-0.120192
-0.117286
-0.118427
-0.118149
-0.119221
-0.119985
-0.116472
-0.116575
-0.117687
-0.11828
-0.117336
-0.117141
-0.115289
-0.115969
-0.120126
-0.114822
-0.1183
-0.116362
-0.115529
-0.115962
-0.12139
-0.116277
-0.117437
-0.121022
-0.122133
-0.117829
-0.117197
-0.123
-0.124707
-0.114963
-0.120486
-0.122016
-0.119501
-0.119576
-0.119428
-0.115642
-0.124176
-0.122493
-0.119523
-0.117446
-0.118834
-0.123071
-0.117975
-0.110193
-0.120488
-0.119039
-0.122884
-0.119172
-0.11606
-0.116514
-0.112712
-0.118237
-0.104513
-0.125581
-0.110575
-0.120963
-0.121128
-0.113373
-0.123164
-0.108504
-0.111303
-0.100201
-0.1021
-0.104541
-0.114108
-0.110302
-0.118193
-0.108615
-0.116116
-0.114163
-0.105306
-0.104918
-0.115
-0.113336
-0.116294
-0.106561
-0.113509
-0.111824
-0.113762
-0.105744
-0.111608
-0.108042
-0.109623
-0.113233
-0.104515
-0.105503
-0.103938
-0.109052
-0.105543
-0.0989678
-0.103243
-0.0987056
-0.0986553
-0.0958563
-0.0963401
-0.0959068
-0.0971262
-0.0937415
-0.0968249
-0.0925931
-0.09128
-0.0952269
-0.0934478
-0.0926332
-0.0902597
-0.0896462
-0.0908256
-0.0872543
-0.0875011
-0.0880018
-0.0885113
-0.0871457
-0.0852848
-0.0894914
-0.0867105
-0.0909045
-0.0872203
-0.084774
-0.0873037
-0.0875876
-0.0852679
-0.0892175
-0.0842501
-0.083821
-0.0857019
-0.0799841
-0.0789042
-0.0773031
-0.0755599
-0.0752043
-0.0753291
-0.0714259
-0.0733831
-0.0680573
-0.0685539
-0.0696574
-0.0697325
-0.0646572
-0.067198
-0.0668626
-0.0642719
-0.0633504
-0.0628063
-0.0616941
-0.0616706
-0.0595669
-0.0611509
-0.0573152
-0.0595965
-0.0589225
-0.0592199
-0.0521961
-0.0557629
-0.0583463
-0.0518389
-0.05387
-0.056355
-0.0543989
-0.0520849
-0.0510275
-0.0543623
-0.0519251
-0.0586702
-0.0476433
-0.0515102
-0.0545171
-0.0514088
-0.0461674
-0.0541768
-0.0483715
-0.0445294
-0.0468213
-0.0415017
-0.0418785
-0.0394145
-0.0406581
-0.0401812
-0.041502
-0.0408868
-0.0424709
-0.0446752
-0.0372004
-0.0415927
-0.0354081
-0.0334793
-0.0353817
-0.0295972
-0.0325171
-0.0350539
-0.0309676
-0.0252194
-0.0310313
-0.0288676
-0.0269752
-0.0278156
-0.0244844
-0.021592
-0.0205207
-0.0230646
-0.0202487
-0.0213901
-0.0166746
-0.013531
-0.0134535
-0.0126454
-0.00909611
-0.00979158
0.00238795
-0.00422005
-0.00649754
-0.0044442
-0.00250042
-0.00219829
-0.00237318
0.0050793
-0.000297694
0.00155586
0.000358023
0.0096461
0.00231899
0.0102059
0.00757693
0.00878015
0.00626737
0.0166609
0.0145085
0.0158493
0.0192926
0.0177402
0.0238927
0.0217129
0.029265
0.0238194
0.028799
0.0264515
0.0316522
0.0350917
0.0363314
0.0371564
0.0356777
0.0440971
0.047342
0.0446593
0.054647
0.0557989
0.0577022
0.0540101
0.0667721
0.0655117
0.0655211
0.065539
0.0721223
0.0706013
0.0780509
0.0726111
0.0649883
0.0769906
0.0757694
0.0793265
0.0733059
0.0728979
0.0730671
0.0733727
0.0786537
0.0720087
0.0781965
0.0759635
0.0733197
0.07497
0.0683149
0.0770648
0.0735916
0.0746228
0.068684
0.0673506
0.0707861
0.0711312
0.0683732
0.0642928
0.069166
0.0704798
0.0708022
0.0654274
0.0625906
0.0704744
0.0617053
0.0716359
0.0626898
0.0606505
0.0630387
0.0662508
0.0633795
0.059981
0.0564726
0.0631252
0.0553438
0.0527504
0.0564242
0.056829
0.0423042
0.0449626
0.0530751
0.0380615
0.033941
0.0430342
0.0366443
0.0316951
0.0354522
0.0346592
0.0271207
0.0258865
0.0252908
0.0245593
0.0196689
0.0171161
0.0132779
0.0121803
0.0117776
0.00954535
0.0089567
0.00464913
0.00457238
0.00334232
0.00177318
0.00143542
0.000463766
-0.00272223
-0.00106532
-0.00315873
-0.00285002
-0.0044041
-0.0016427
-0.00841262
0.00202498
-0.00287739
-0.000189244
0.000996351
-0.0030966
-0.00210222
-0.00474534
0.000112187
-0.00293194
-0.000640821
-0.00292678
-0.00336412
-0.0046794
-0.00206617
-0.00176944
-0.00686648
-0.00229467
-0.00151082
-0.00457559
-0.00260962
-0.0034989
0.00401188
-0.00161426
0.000574649
-0.00349358
0.00449108
-0.000847714
-0.00289455
0.0040419
0.00329577
0.00248932
0
0.00406022
0.00613233
0.00170242
0.00150905
0.00887882
0.00415008
0.00819507
0.00934577
0.0109144
0.0138318
0.00978578
0.0150896
0.0097
0.0196361
0.0146098
0.0138976
0.0187084
0.016324
0.0183234
0.0169656
0.0148554
0.0184333
0.0148684
0.0196423
0.022388
0.021029
0.0229278
0.0209129
0.0185912
0.0303696
0.02217
0.0209657
0.027531
0.0255206
0.0306779
0.0320603
0.0276023
0.0255197
0.0225892
0.0243962
0.0204459
0.0229749
0.0175571
0.022847
0.0286691
0.0259405
0.0265975
0.0259789
0.0276092
0.0256356
0.0198673
0.0219511
0.0156567
0.0124234
0.0117294
0.00874659
0.0037303
0.000986654
0.00469997
0.000937021
-0.00878253
-0.00689349
-0.00767032
-0.0148933
-0.0147646
-0.0178649
-0.022366
-0.023492
-0.0231688
-0.027683
-0.0294309
-0.0326971
-0.0300074
-0.0345792
-0.0375019
-0.0376442
-0.0403374
-0.0392405
-0.0407985
-0.0427173
-0.0451523
-0.043952
-0.0453579
-0.0430718
-0.0446565
-0.0504418
-0.0429122
-0.051049
-0.041543
-0.0512729
-0.0466359
-0.0466796
-0.046156
-0.0439978
-0.0445308
-0.0429487
-0.0395636
-0.0429897
-0.0401506
-0.0356166
-0.0380352
-0.0349518
-0.0327586
-0.0326766
-0.0349239
-0.0281242
-0.0301752
-0.0278292
-0.0282162
-0.0252701
-0.025122
-0.0228107
-0.0237264
-0.0189941
-0.0223788
-0.0220495
-0.0192599
-0.0159012
-0.0200918
-0.0143872
-0.0135782
-0.0140032
-0.0150793
-0.0114538
-0.00964736
-0.00914429
-0.00917619
-0.00436378
-0.0122058
-0.00552134
-0.00493519
-0.00203753
-0.00335886
-0.000664599
-0.00465227
-0.00198371
0.0011684
0.000937934
0.00192442
0.00293147
0.00304371
0.0104159
0
0.00434916
0.00864953
0.00896597
0.00721026
0.00585289
0.008031
0.00660095
0.00785154
0.0133618
0.00607529
0.00739123
0.0105468
0.00773246
0.00325903
0.00361623
0.00109886
0.00406341
-0.00214136
-0.000676936
-0.00482944
-0.00417543
-0.012291
-0.00901647
-0.014003
-0.020085
-0.0148697
-0.0176112
-0.0204454
-0.0257181
-0.0260679
-0.028047
-0.025044
-0.0297799
-0.0332087
-0.0347457
-0.0331014
-0.0343847
-0.034455
-0.0340009
-0.0385855
-0.0328578
-0.0399024
-0.0362013
-0.0376471
-0.0394682
-0.037596
-0.039979
-0.0380101
-0.0338694
-0.0397495
-0.0347298
-0.0374255
-0.0306623
-0.0423214
-0.0272745
-0.0327793
-0.0363125
-0.0231537
-0.0264535
-0.0264021
-0.0224742
-0.0188882
-0.0164237
-0.0139359
-0.013196
-0.00506846
-0.00921302
-0.00437146
-0.00250665
0.00296393
0.0037093
0.0112016
0.00705827
0.0154674
0.0101599
0.0173314
0.0200643
0.0168397
0.0220572
0.0229466
0.0320072
0.0287635
0.0341788
0.0351707
0.0371132
0.0389586
0.0429853
0.0409659
0.0442583
0.0451398
0.0480903
0.0494216
0.0492166
0.0520291
0.0551427
0.0582049
0.0540172
0.054668
0.0568825
0.0554236
0.0556538
0.0547074
0.0538856
0.0597109
0.0509503
0.0566129
0.0501968
0.0551415
0.0532949
0.05189
0.0538077
0.0543741
0.0488337
0.0471531
0.0436374
0.0523699
0.0495953
0.0491981
0.0438033
0.045527
0.0469928
0.0430416
0.0404808
0.0461162
0.0435172
0.0403183
0.040725
0.0426304
0.0443867
0.0394702
0.0404852
0.0410809
0.0364273
0.0437799
0.038522
0.0372233
0.039136
0.0381082
0.0376345
0.0426362
0.0370273
0.0368348
0.0369312
0.0366057
0.036346
0.0348608
0.0342551
0.0364119
0.0315798
0.0346548
0.0385122
0.0333171
0.0340181
0.0350605
0.035765
0.0345254
0.0353075
0.0344956
0.03442
0.0333527
0.0312887
0.03548
0.0370567
0.0339044
0.0311865
0.0325452
0.0299336
0.0326171
0.0315415
0.0299952
0.0270103
0.0319044
0.0267329
0.0286178
0.0265426
0.0232768
0.02116
0.0218616
0.0166483
0.0190489
0.0127572
0.014603
0.0158824
0.0143431
0.00827619
0.0127255
0.00915994
0.00775493
0.00634329
0.00781111
0.00633298
0.0038318
0.00388736
-0.00123346
0.00233616
0.000726298
-0.00306414
-0.00301856
-0.0026783
-0.00529956
-0.00690232
-0.00484588
-0.0033339
-0.00995461
-0.00624299
-0.00381681
-0.00824805
-0.00937265
-0.010813
-0.00979083
-0.00653079
-0.0110805
-0.00978404
-0.0109225
-0.00774253
-0.0111998
-0.0118063
-0.00675351
-0.0124653
-0.00953753
-0.0121082
-0.0116945
-0.0099545
-0.0112313
-0.00817425
-0.0108557
-0.00977286
-0.00978198
-0.0130597
-0.00816345
-0.00616592
-0.0114598
-0.00692766
-0.00463115
-0.00573928
-0.0057497
-0.00200465
-0.00217142
-0.00152448
-0.000980949
0.00303261
0.0028592
0.00205407
-0.00148227
0.00454792
0.000702894
0.00656909
0.00501935
0.00379364
0.00753154
0.00775642
0.00884717
0.0125093
0.00719658
0.0154099
0.0104992
0.0157802
0.0119573
0.0150333
0.0159416
0.0159525
0.0209969
0.0173162
0.0206307
0.0214745
0.0195305
0.0183531
0.0228458
0.0229743
0.0191754
0.0221454
0.0240074
0.0239147
0.0250374
0.0226672
0.0225797
0.0246391
0.0218181
0.019862
0.0239688
0.022237
0.030262
0.0179827
0.0216453
0.0238522
0.0227615
0.0174307
0.0195208
0.0177793
0.0171911
0.0222446
0.0182538
0.0200379
0.0190069
0.021017
0.0132232
0.0182146
0.0190531
0.0209602
0.0156603
0.0196254
0.0156305
0.0245167
0.0159461
0.0172831
0.0184063
0.0195344
0.0240043
0.0140446
0.0211054
0.0197614
0.0146463
0.0210763
0.0216999
0.0180644
0.0240251
0.0217947
0.0184903
0.0211689
0.0220741
0.023411
0.019656
0.0199351
0.021341
0.0245578
0.0200356
0.0206829
0.0193664
0.0171561
0.0236948
0.0210165
0.0187003
0.0199035
0.0158144
0.0159455
0.0179474
0.0158921
0.0160799
0.0119052
0.0125493
0.0123533
0.0115315
0.0114202
0.00920861
0.00504597
0.0156888
0.00585905
0.00676508
0.00673054
0.0024704
0.00602364
0.00581817
0.00441972
0.0030596
0.00401775
0.0013588
-0.00228344
0.00618753
0.00063337
-0.00152533
0.00345509
0.00020994
0.000960037
0.00585273
0.0015379
0.00234474
0.00196974
0.00457402
0.00479586
0.00562322
0.00876452
0.00778621
0.00699655
0.00699925
0.0112947
0.00773628
0.00853694
0.00826775
0.0161594
0.0121502
0.0112178
0.0155665
0.0172335
0.0210586
0.0145397
0.0223596
0.0201858
0.0229627
0.0202071
0.0214168
0.0222678
0.0257824
0.0295665
0.0232278
0.0251062
0.0314829
0.026768
0.0273996
0.030957
0.0247454
0.0269629
0.0324065
0.028629
0.026919
0.0304538
0.0280322
0.0318774
0.030677
0.0295425
0.0292389
0.030475
0.0309105
0.0262077
0.0305419
0.0302373
0.0281984
0.0311867
0.0291813
0.026498
0.0304007
0.0292663
0.031378
0.0281763
0.0297557
0.0277253
0.0289689
0.0284745
0.0286451
0.0307196
0.0284759
0.0307997
0.0274075
0.0291344
0.0293582
0.0265672
0.0282014
0.0263716
0.0244759
0.0272864
0.0231708
0.0259882
0.0224054
0.0221335
0.0203211
0.0179931
0.0210982
0.0156226
0.0150122
0.0148192
0.012063
0.00951843
0.0108858
0.00935051
0.00927736
0.00788515
0.00365127
0.0046829
0.000325758
0.00425873
-0.00137875
0.000483567
0.000252143
-0.000703868
-0.0016604
-0.006129
-0.003879
-0.00279544
-0.00054506
-0.00648426
-0.00391676
-0.00644134
-0.00489461
-0.00809007
-0.00581409
-0.00688691
-0.00803542
-0.00529383
-0.00506695
-0.0066222
-0.00396357
-0.00314838
-0.00586833
-0.0022436
0.00127579
-0.00699573
-0.00530335
-0.00322615
-0.00120715
-0.0038508
0.00273299
-0.00161027
0.000193289
-0.000364112
0.000753886
-0.00202438
0.00382274
-0.000882055
0.0038052
0.00223249
0.00508229
0.00392972
0.00225423
0.00685989
0.00506578
0.0075521
0.00867453
0.00660326
0.00677021
0.0113547
0.012548
0.013512
0.0112709
0.00983654
0.0111051
0.0133209
0.0105061
0.00837605
0.0170228
0.0109144
0.0131063
0.00923732
0.0134045
0.016422
0.0141354
0.0152035
0.00956651
0.0156788
0.0120975
0.0117782
0.0111231
0.0144843
0.00922117
0.0162185
0.00787445
0.0143612
0.0122066
0.0146514
0.0126645
0.0143343
0.0143213
0.0142836
0.0169536
0.0108924
0.015692
0.0137009
0.0158821
0.016474
0.0153843
0.0159963
0.0113073
0.0196736
0.0113647
0.0103559
0.00718135
0.00883164
0.0105042
0.00859216
0.008377
0.00735339
0.00564159
0.00635622
0.00784767
-0.00214799
0.00280936
0.00334416
-0.00199376
0.00248342
-0.000797589
-0.00425587
-0.00176669
-0.00385462
-0.0034455
-0.00697384
-0.00549742
-0.00947239
-0.00982392
-0.00758361
-0.00981495
-0.00990647
-0.00633865
-0.0108812
-0.00718676
-0.0132156
-0.0121729
-0.0101997
-0.00946675
-0.0137731
-0.00928619
-0.0121348
-0.0122587
-0.00638006
-0.0124657
-0.00453472
-0.00945681
-0.00689551
-0.00764869
-0.0106179
-0.00469111
-0.00641165
-0.00482899
-0.00603838
-0.00465437
-0.00320209
-0.000177295
-0.00460515
-0.000667218
-0.00106742
0.00312512
0.00671755
0.00547678
0.00652401
0.00745146
0.00872591
0.0117062
0.0150358
0.0153426
0.0159382
0.0214291
0.020581
0.0242015
0.0273712
0.0280338
0.0316998
0.0267823
0.0340677
0.0359974
0.0314475
0.035807
0.0398123
0.0354374
0.0414439
0.0414856
0.0383608
0.0419259
0.0382094
0.0423724
0.0375298
0.0392457
0.0430367
0.0373689
0.0413423
0.0407668
0.0389745
0.0380383
0.0405287
0.0394966
0.0357891
0.0391217
0.0395414
0.0380818
0.0361513
0.0382657
0.0379125
0.0324304
0.0404952
0.0358547
0.0334333
0.034228
0.0349835
0.0357957
0.0370516
0.0310773
0.0350966
0.0352084
0.0343563
0.0372272
0.030884
0.0295501
0.0298301
0.0281694
0.0265388
0.0224879
0.0214358
0.0233736
0.0165958
0.0172114
0.0167389
0.0131801
0.00836555
0.00619008
0.00778001
0.00234431
-0.000119834
0.00152975
-0.000921494
-0.00735171
-0.00583017
-0.00591769
-0.00967304
-0.00721631
-0.0130254
-0.00890847
-0.0140911
-0.0153787
-0.0144905
-0.0154709
-0.013068
-0.0181266
-0.0158243
-0.0251034
-0.0222642
-0.0202205
-0.0236398
-0.0241446
-0.0252135
-0.0243449
-0.0216523
-0.0277361
-0.0278337
-0.0242114
-0.0208975
-0.0318054
-0.0202345
-0.024424
-0.0244889
-0.0243214
-0.0246454
-0.0215314
-0.0267028
-0.0212808
-0.0194711
-0.0246447
-0.0196615
-0.0167954
-0.0213708
-0.0178667
-0.0155277
-0.0164692
-0.016525
-0.0131583
-0.0154248
-0.0130333
-0.0140725
-0.00887077
-0.0108267
-0.00799024
-0.00772815
-0.00952599
-0.00109674
-0.00775404
-0.0064167
-0.00311361
-0.00843247
-0.00216188
-0.000585688
-0.0018695
0.0021023
-0.0009366
-0.00270246
0.00368352
-0.00132427
0.000108862
0.00110968
0.000401191
0
0.00191046
-0.00148029
0.00176972
-0.00208044
-0.000184335
0.000618489
-0.0012533
-0.000247681
-0.00120389
-0.00097104
-0.00242018
-0.000425662
-0.000537057
-0.00360492
-0.000935465
0.00122326
-0.00679755
0.000920992
-0.00209733
-0.00376758
-0.000493178
-0.00360078
-0.000863835
-0.00208219
-0.000583279
0.000544852
0.000124384
0.00228929
0.00170488
0.00405139
0.00120987
0.00581444
0.00590135
0.00241887
0.00859868
0.0059296
0.00859736
0.0103137
0.00822083
0.0118913
0.0112692
0.0140248
0.0127689
0.0140201
0.0131163
0.0166584
0.0140949
0.0193215
0.0165829
0.021561
0.0192248
0.0210232
0.020055
0.0245011
0.0263026
0.0202353
0.025749
0.027882
0.0254754
0.0269235
0.0272134
0.0275036
0.0295023
0.0265542
0.0307111
0.0315577
0.0323455
0.029827
0.0321256
0.0302693
0.0299175
0.0304674
0.0336496
0.0282598
0.0319977
0.0281677
0.0280366
0.0301207
0.0270676
0.0278699
0.0269311
0.0298656
0.0256616
0.0250334
0.027997
0.0252612
0.0258465
0.0194607
0.0256143
0.0251582
0.0199541
0.0213013
0.0224799
0.0215165
0.0219299
0.0178771
0.016886
0.0198787
0.0203938
0.0143496
0.0178398
0.0174613
0.0156489
0.0162601
0.0146166
0.0143846
0.0155696
0.00973729
0.0157578
0.0121113
0.00825001
0.00876496
0.00770604
0.0114084
0.00706757
0.00907323
0.00942115
0.00446636
0.00762142
0.00616016
0.0070697
0.00676806
0.0039983
0.00517272
0.00508165
0.00413267
0.00597826
0.00259005
0.00538561
0.00238232
0.00618733
0.00329868
0.00557747
0.00388226
0.000984533
0.00839071
0.00434135
0.00768625
0.00885149
0.00545572
0.0108608
0.00407945
0.0118623
0.00655398
0.00979374
0.00879644
0.00973992
0.0131585
0.0103689
0.00809957
0.0102804
0.0114316
0.0146881
0.0129417
0.0193401
0.0208943
0.0127343
0.0138586
0.0152487
0.014019
0.0151285
0.0147994
0.0159535
0.0165129
0.0145242
0.0152433
0.0150158
0.0146858
0.0146385
0.012223
0.0166557
0.0144
0.0127954
0.0155232
0.0124967
0.0135596
0.0169941
0.0118011
0.01654
0.0106425
0.0144116
0.0128982
0.0131041
0.0155592
0.0109759
0.0148743
0.0118107
0.0143668
0.0117073
0.0150915
0.0106774
0.0114572
0.0124838
0.0148326
0.012839
0.0115486
0.0136776
0.010454
0.0110412
0.0108921
0.0130618
0.00804563
0.00903979
0.0113488
0.0128592
0.0101061
0.0100308
0.0079679
0.0125246
0.0100749
0.00978198
0.0109031
0.0111514
0.00720314
0.00733724
0.0101422
0.0100284
0.00843602
0.00940088
0.00896667
0.0042044
0.0073487
0.00687251
0.00707492
0.00494212
0.00862306
0.00586374
0.00269054
0.00479601
0.00645423
0.00249773
0.00256955
0.00521628
0
0.00421355
0.00157478
0.00241837
0.00270494
0.00177723
0.00111497
-0.000630757
-0.000255012
0.00304967
0.00130373
0.00321704
0.00298427
-0.000252704
0.000217289
0.005076
-0.00156577
0.00299906
0.000835776
0.00469813
0.00261462
0.0015757
0.00305796
0.00212265
0.00509976
0.00427104
0.00579911
0.00762392
0.00510471
0.00406669
0.00575957
0.008592
0.00781199
0.00923125
0.0059812
0.00883339
0.00716724
0.0117976
0.00932914
0.00747207
0.0138687
0.00982769
0.0137326
0.0155055
0.0111846
0.0145186
0.0144761
0.0144561
0.0152325
0.0171333
0.0147215
0.0169345
0.0179194
0.0171544
0.0183722
0.0166549
0.0184088
0.0201855
0.0179675
0.0172561
0.0180294
0.0201106
0.021253
0.0178637
0.0191328
0.021124
0.0211717
0.0199902
0.0197203
0.0232792
0.0194697
0.0226383
0.0211977
0.0196798
0.0242814
0.0208696
0.0214001
0.0257662
0.0214424
0.0211645
0.0263912
0.0217122
0.0257072
0.020166
0.0243779
0.0282278
0.0229197
0.0246894
0.0256933
0.0258346
0.026243
0.0245166
0.022819
0.0224484
0.0239013
0.024073
0.020645
0.0232534
0.0219062
0.0192131
0.0180091
0.0207639
0.0178148
0.0182506
0.0143988
0.0180388
0.014995
0.00908366
0.0154579
0.0128015
0.0144142
0.00587878
0.014293
0.0142984
0.0113866
0.00594122
0.00919862
0.00727709
0.00829654
0.00654379
0.00692174
0.00346491
0.00604012
0.00188191
0.00347609
-0.00267958
0.00151967
0.000712665
0.00342874
0.000717675
0.00186232
0.00493391
-0.00223445
0.000375485
0.00559387
0.0001356
0.00223547
0.000713439
-0.00141232
0.00341411
0.000723305
0.00408143
-0.00237323
0.00229995
0.00298123
0.000650365
0.00229296
-0.00101851
0
0.000412823
0.000769782
0.0038
0.000430845
-0.000889879
0.00263273
0.00373138
-0.000770153
0
0.00357194
0.00247643
0.00150982
0.00226389
0.00379818
0.000750269
0.00267919
0.00562008
0.00235296
0.0032939
0.00378977
0.0056869
0.0023544
0.00900098
0.00411614
0.00731267
0.00492792
0.00561945
0.00412109
0.00944037
0.0100976
0.00899283
0.00514258
0.0104846
0.00663922
0.00912555
0.00739508
0.0122551
0.00897818
0.00777845
0.00791888
0.0111752
0.00663185
0.0118791
0.0140503
0.00880016
0.0165851
0.0100691
0.0121702
0.0138448
0.0121478
0.0140185
0.0114781
0.0155427
0.0141739
0.0138685
0.0148538
0.0145534
0.0106858
0.0167146
0.0181285
0.0151455
0.0151688
0.0118633
0.0153564
0.0138246
0.0178602
0.0166389
0.0169759
0.0140689
0.0179651
0.0125311
0.0165778
0.0186705
0.0167358
0.0127476
0.0196084
0.0140997
0.0178495
0.015957
0.014473
0.0182662
0.0176156
0.0180823
0.0170518
0.0196837
0.0166397
0.0179197
0.0187364
0.0197216
0.0185996
0.0162449
0.0196214
0.0163192
0.0200393
0.0175979
0.0197766
0.0213281
0.0162196
0.0211342
0.0186486
0.021479
0.0177321
0.019649
0.0206879
0.0187806
0.0208884
0.018041
0.0216226
0.0199755
0.0208231
0.0223535
0.0214802
0.0216314
0.0218762
0.0222574
0.0172998
0.0254765
0.0203705
0.0222056
0.0262497
0.0238824
0.026175
0.025803
0.023898
0.0313691
0.0229191
0.0327975
0.0258345
0.029792
0.0288546
0.031402
0.0302345
0.0251309
0.0300869
0.0313928
0.0281301
0.0299116
0.0300869
0.0292344
0.0257873
0.0289056
0.0284005
0.0269848
0.0277309
0.0304915
0.0255149
0.0265732
0.0297979
0.0228618
0.0259335
0.0277355
0.0254594
0.0254037
0.0258719
0.0237708
0.0239246
0.0235067
0.0239658
0.0225813
0.0192702
0.0163558
0.0221969
0.0171837
0.0166356
0.0171386
0.0168403
0.0104243
0.00932038
0.0149346
0.00624757
0.0104846
0.00243812
0.00328641
0.00353729
-0.0027591
-0.0018859
0.00156223
-0.00693201
-0.00464371
-0.00485897
-0.00830622
-0.00805072
-0.0100512
-0.0078133
-0.00766757
-0.00961698
-0.00756579
-0.0140017
-0.00572608
-0.0114213
-0.00924184
-0.00997507
-0.00839194
-0.0108042
-0.00626833
-0.00940013
-0.00787305
-0.00622927
-0.00846706
-0.00645195
-0.0104921
-0.00789097
-0.0120679
-0.00610178
-0.00554461
-0.00771986
-0.00466072
-0.00751455
-0.0100121
-0.0019308
-0.00853263
-0.00365316
-0.00131462
-0.0050817
-0.00187294
-0.00502351
-0.00250431
-0.00331452
-0.00181545
-0.00315249
-0.00119051
0
0.000444172
-0.000259368
-0.000420987
0.00250602
-0.002674
0.00437747
0.00227133
0.00297319
0.00197265
0.00466148
0.00393307
0.00526841
0.00911721
0.010023
0.00734465
0.00744748
0.0125317
0.0109227
0.0145842
0.0124776
0.014756
0.0197616
0.0174252
0.0176455
0.0210036
0.0238478
0.0227184
0.0239913
0.0269907
0.0301499
0.0272713
0.031395
0.0308077
0.0364756
0.0291022
0.0344109
0.0347354
0.0350099
0.0347163
0.0332677
0.0381601
0.0358839
0.0353764
0.0365791
0.0365786
0.0375353
0.035865
0.032308
0.0363998
0.0350386
0.0348183
0.0354264
0.0365455
0.0335658
0.0337717
0.0348623
0.0333759
0.0353275
0.0347373
0.0320152
0.0336721
0.0331038
0.0312283
0.0319876
0.0315446
0.0333745
0.0284585
0.033389
0.0305271
0.031808
0.0297864
0.0293931
0.026578
0.0315813
0.028112
0.0276722
0.0282511
0.0253855
0.0301573
0.0244292
0.0270702
0.0273995
0.0243428
0.0229178
0.0254017
0.0245169
0.0222446
0.0201788
0.0222768
0.0199654
0.0232933
0.0219439
0.0210272
0.0209328
0.019622
0.0230424
0.0179674
0.0218011
0.0179727
0.0208676
0.0209127
0.0215773
0.0212584
0.0210874
0.021343
0.0185276
0.0216712
0.0179964
0.0196398
0.0180452
0.0187198
0.0237056
0.0178092
0.0158672
0.0173358
0.0157881
0.0194308
0.0177696
0.0178909
0.0169433
0.0163032
0.0200666
0.0131558
0.017801
0.0164795
0.0150263
0.0143097
0.0129508
0.0143299
0.0132551
0.0154385
0.00900233
0.0137334
0.0133933
0.00899094
0.0118004
0.00937042
0.00468322
0.00977011
0.00736603
0.0053042
0.00900118
0.00666436
0.00425717
0.00671264
0.00733878
0.00344155
0.00893501
0.00271752
0.0074603
0.00618381
0.00581579
0.00386213
0.00712007
0.00599599
0.00717202
0.00344965
0.00639616
0.00896297
0.00630702
0.0094375
0.00726558
0.00792578
0.00900097
0.0103549
0.00509648
0.0119658
0.00887722
0.0112858
0.0102197
0.00869383
0.0135666
0.0133117
0.0108979
0.014989
0.0116103
0.0142782
0.0160168
0.0165926
0.0188889
0.019504
0.0180849
0.0165125
0.0212707
0.0216971
0.0202492
0.0235529
0.026993
0.0243276
0.0247439
0.0289317
0.0284576
0.0315623
0.0303652
0.0322206
0.031957
0.0350754
0.031269
0.0373904
0.0334017
0.0355184
0.0375275
0.0338717
0.0422234
0.0340947
0.0376893
0.0399994
0.0370524
0.0420876
0.0385762
0.0399662
0.0395129
0.0422861
0.039536
0.0376909
0.0408641
0.0417444
0.0395155
0.0367583
0.0434071
0.0405461
0.0369126
0.0423798
0.039753
0.0389565
0.0412586
0.0390097
0.0402551
0.0360285
0.0429266
0.0375511
0.0357244
0.040915
0.0329164
0.0385701
0.0350403
0.0382394
0.0347131
0.0367368
0.0330308
0.0387898
0.0330784
0.0362168
0.032918
0.0319665
0.0318577
0.030178
0.0288073
0.0323191
0.0270942
0.0254541
0.0265454
0.0246446
0.0236113
0.0226798
0.0251648
0.0194246
0.0240023
0.0222096
0.0200794
0.0179574
0.0180361
0.0195536
0.0165285
0.01929
0.0155216
0.0141506
0.0149438
0.0132515
0.0135086
0.0103936
0.0132744
0.0127966
0.0099653
0.0101087
0.0055567
0.0100781
0.0100948
0.00554835
0.00841873
0.00341458
0.00831119
0.00481337
0.00339681
0.0053276
0.0033052
0.00540951
0.00574769
0.00405217
0.00434718
0.00196934
0.00797413
0.00312858
0.0047014
0.00475913
0.000209268
0.0056535
0.00284106
0.00507909
0.0058717
0.00339867
0.00633645
0.00626628
0.00641899
0.0059014
0.00596929
0.00584525
0.00576285
0.00992235
0.00957552
0.0052283
0.00962521
0.0136048
0.0134857
0.00950367
0.0133672
0.0140635
0.0163799
0.0174461
0.0140507
0.0199268
0.0217515
0.0178087
0.0254741
0.0206717
0.023878
0.0201111
0.0254718
0.0224452
0.0223823
0.0270758
0.0248325
0.025203
0.0259344
0.027067
0.0248367
0.0271124
0.0261325
0.027368
0.026976
0.0253608
0.0301327
0.0285811
0.024231
0.0297779
0.027813
0.0270237
0.0291614
0.0295311
0.0266197
0.0290454
0.0313964
0.0264024
0.0309291
0.0325625
0.0255617
0.0319549
0.0330528
0.0271413
0.02905
0.0327927
0.0276078
0.0317948
0.0297055
0.0307502
0.0293044
0.0303264
0.0269981
0.0278698
0.0286499
0.0328519
0.0266879
0.0267959
0.0257642
0.0271842
0.0285673
0.0256765
0.0299279
0.0239824
0.025654
0.0223985
0.0258688
0.0189758
0.0254472
0.022956
0.0173923
0.0210442
0.0200424
0.0150166
0.0173388
0.0151088
0.0120254
0.015014
0.0149029
0.00835778
0.0119338
0.0148958
0.0082464
0.00869203
0.0127056
0.0102041
0.00911774
0.0104501
0.0104042
0.012311
0.00743883
0.00930493
0.0119879
0.0104291
0.0102262
0.00979203
0.0134064
0.0100669
0.0059352
0.0149556
0.00836184
0.00982329
0.0111547
0.0121949
0.0120636
0.0134192
0.0104756
0.0124944
0.012122
0.0140308
0.0114229
0.00797607
0.0151855
0.0142845
0.0105108
0.013601
0.0117024
0.0124717
0.0131111
0.0133924
0.00967322
0.0109271
0.0165937
0.0141396
0.0149699
0.0103044
0.0159127
0.0132054
0.0110443
0.0169128
0.0132704
0.0128392
0.0168913
0.0171372
0.0160947
0.0150883
0.0192924
0.0156797
0.0200458
0.0195234
0.0192922
0.0177136
0.0223598
0.0203592
0.019237
0.0212583
0.0226337
0.0216163
0.0235586
0.0203936
0.027643
0.0203895
0.0236999
0.0225549
0.0209324
0.0239275
0.02237
0.0210895
0.0231528
0.0201925
0.0228274
0.022092
0.0227495
0.0186537
0.020132
0.0221622
0.0222554
0.0210902
0.0201737
0.0199986
0.0180969
0.0253436
0.0195417
0.019596
0.0184754
0.021911
0.0195808
0.0181519
0.0207646
0.0210097
0.0164045
0.0183692
0.0192977
0.0190068
0.020266
0.015734
0.0174076
0.0199553
0.0170601
0.0198667
0.0208877
0.0169603
0.0178623
0.0192254
0.0160308
0.0195799
0.0194899
0.0177935
0.0163987
0.0203303
0.0194453
0.0189184
0.0177828
0.0208865
0.0188647
0.017909
0.0220424
0.0157517
0.0236684
0.01932
0.0215295
0.0211037
0.0247407
0.0210127
0.0211738
0.022242
0.025368
0.0260786
0.0238235
0.0259018
0.0239592
0.0269829
0.0283034
0.0252149
0.0273922
0.0253673
0.0295899
0.0297832
0.0298382
0.0313774
0.0268813
0.0333872
0.0283625
0.0298699
0.0327084
0.0298324
0.0323521
0.0299512
0.0323903
0.032256
0.0269779
0.0351021
0.0341003
0.0314797
0.0315477
0.0326878
0.0345064
0.0299057
0.0341808
0.0378757
0.0303567
0.0371108
0.0332798
0.0361533
0.0372482
0.0350718
0.0347964
0.0358594
0.033668
0.0355489
0.0388432
0.0337869
0.0348397
0.0338521
0.0326834
0.0318305
0.0348385
0.03047
0.0336223
0.0317932
0.0292188
0.0289022
0.0306382
0.0286363
0.0279113
0.0225634
0.0278751
0.0258854
0.027896
0.0217123
0.0191649
0.0249665
0.0178442
0.0230751
0.0224379
0.0198941
0.0207303
0.0139492
0.0184082
0.0175423
0.0158364
0.0155066
0.0148929
0.0163808
0.0169008
0.0159435
0.013514
0.0182357
0.0130708
0.0127464
0.0177626
0.0117776
0.0134266
0.016117
0.0112913
0.0132676
0.0137606
0.0110557
0.00912627
0.0138799
0.0101144
0.0115636
0.00924075
0.0151161
0.0136972
0.00933109
0.0114224
0.0122845
0.0115728
0.00745398
0.0130936
0.0121729
0.0125607
0.00873306
0.0110896
0.0110937
0.0129057
0.0118814
0.0106229
0.0117656
0.0120156
0.0146282
0.0142927
0.0139496
0.0130163
0.01462
0.0106973
0.0131553
0.0126432
0.0175496
0.0141793
0.0156899
0.0151608
0.0187601
0.0120357
0.019296
0.0149748
0.017676
0.0161041
0.0181194
0.016098
0.0226162
0.0138023
0.0160958
0.0193627
0.016575
0.019293
0.0159279
0.0199769
0.0170706
0.0168431
0.0203606
0.0161091
0.0193695
0.0190185
0.0188395
0.0205072
0.0184903
0.0200368
0.0216967
0.0194609
0.0220395
0.0192339
0.0235186
0.0218726
0.0207132
0.0236363
0.0230268
0.0217998
0.0259832
0.0215383
0.0249118
0.0310361
0.0313613
0.0327943
0.03901
0.0321186
0.0368551
0.0391524
0.0398157
0.0405297
0.0378347
0.0401296
0.0436223
0.0414685
0.0438522
0.0456004
0.0445617
0.0446147
0.0430271
0.0405087
0.0430506
0.0440332
0.04176
0.0434983
0.0510071
0.0447995
0.0446339
0.0460921
0.0447305
0.0478751
0.044554
0.0487835
0.0478664
0.0472741
0.043228
0.0470775
0.042766
0.0489636
0.0419188
0.041414
0.0416577
0.0399237
0.0375776
0.0318075
0.0335797
0.0306664
0.0309529
0.0395533
0.0286319
0.030311
0.0321738
0.0274881
0.0290197
0.0299781
0.0261023
0.028961
0.0293753
0.0281194
0.0254867
0.0284884
0.0245543
0.0267645
0.0300303
0.0255734
0.0247665
0.0240755
0.0277129
0.0284453
0.0230689
0.0266888
0.020728
0.0253872
0.0240276
0.0228566
0.0212841
0.0212677
0.0212539
0.0207391
0.0187507
0.0184638
0.0168682
0.0148689
0.0160642
0.0113267
0.010744
0.00948593
0.00838102
0.00991515
0.00464198
0.00328251
0.00751379
0.00196772
0.00161469
-0.00164631
0.00133358
0.00170044
-0.000185622
-0.00187427
-0.00471531
-0.00239795
-0.00366001
-0.00183879
-0.0050098
0
-0.00397841
-0.00197453
-0.00522144
-0.000582484
-0.00412649
-0.00286821
-0.00102974
-0.00196496
-0.000474335
-0.00356379
0.000874778
-0.00176134
0.000636646
-0.000551207
0
0.000512972
0.00177346
0.00498506
0.00279995
0.00887098
0.00776506
0.00549675
0.00484166
0.00625713
0.0103617
0.0101166
0.0101635
0.0133458
0.0129829
0.0117811
0.0162705
0.0153801
0.0135803
0.0196454
0.0175952
0.0208499
0.0209793
0.0236572
0.0256376
0.0227377
0.0305794
0.0254575
0.0299084
0.0264698
0.0291459
0.0359512
0.0314997
0.033137
0.0343723
0.0347279
0.0391993
0.039935
0.0378822
0.0395714
0.0408665
0.0396468
0.0391206
0.0417523
0.0344556
0.0407943
0.0422026
0.0389409
0.0399908
0.039169
0.0373969
0.0407481
0.0386152
0.0390955
0.0369902
0.0409778
0.0373304
0.0363447
0.0359169
0.0343125
0.036015
0.0367233
0.0314148
0.034603
0.0318591
0.0365065
0.0310083
0.0320863
0.0281188
0.0314797
0.0261453
0.0258968
0.0287544
0.0232101
0.0263576
0.0267987
0.0242822
0.0216479
0.0263632
0.0233294
0.0231268
0.0211721
0.0238771
0.0228076
0.0200895
0.0237998
0.0218865
0.0201966
0.0201126
0.0230973
0.0215909
0.0201276
0.0201849
0.0184519
0.0200053
0.0190151
0.0183944
0.0174899
0.0171662
0.0197553
0.016093
0.0171691
0.016545
0.0151153
0.0135315
0.0111239
0.0165259
0.0133437
0.0129048
0.0120781
0.0115876
0.0121121
0.0108675
0.00975451
0.0106439
0.00852844
0.0117165
0.00864479
0.0108195
0.0102889
0.0103306
0.00599611
0.0102503
0.011156
0.00868756
0.00816744
0.0104357
0.00958881
0.0105031
0.00668575
0.0138249
0.00976454
0.00987721
0.0116536
0.00883771
0.0138391
0.0120792
0.0099122
0.0145977
0.0131524
0.0145285
0.0142581
0.0129801
0.0131464
0.0158653
0.0158821
0.0168221
0.0165011
0.0196498
0.017694
0.0144389
0.0249832
0.0169495
0.0180073
0.0177036
0.0169968
0.0176903
0.0204744
0.0171219
0.0202904
0.0176918
0.0182188
0.0221312
0.0241241
0.0257389
0.0169056
0.0227859
0.0199692
0.0188948
0.0219282
0.0183363
0.0183702
0.0240111
0.019333
0.0192958
0.0171791
0.0229709
0.0177942
0.0192735
0.0207113
0.0211713
0.0222102
0.0207747
0.0192261
0.0209466
0.0195402
0.019972
0.019622
0.0187934
0.0200731
0.0213039
0.0193344
0.0191021
0.0189617
0.0178192
0.0181851
0.0196866
0.0190437
0.0156536
0.0226677
0.0175642
0.0154686
0.0184758
0.0136689
0.0172158
0.0139153
0.0155149
0.0143501
0.0126234
0.0137159
0.0116666
0.012345
0.0121561
0.0140307
0.0107299
0.0132104
0.0109548
0.00929129
0.0119639
0.0108316
0.00775654
0.0121313
0.00891746
0.00750187
0.0104623
0.0110494
0.0076735
0.00879413
0.00859192
0.00884654
0.010658
0.00869962
0.0111389
0.00715136
0.0106295
0.00889289
0.0101433
0.0128706
0.0122594
0.0098173
0.0109413
0.0114598
0.00898854
0.0119882
0.0135827
0.0106917
0.0145144
0.0128092
0.0112048
0.0150956
0.0120411
0.0111621
0.0165665
0.01167
0.0168718
0.0152364
0.0149452
0.0164405
0.017095
0.0154091
0.0148876
0.0164059
0.0208613
0.0164444
0.0190383
0.0170333
0.0211381
0.0234447
0.0189229
0.0253269
0.0238497
0.023462
0.0257532
0.0219664
0.0265861
0.0266678
0.0292855
0.0283347
0.0268877
0.0302614
0.0281325
0.0252796
0.0284414
0.0280629
0.0285262
0.0280895
0.026931
0.026693
0.0316019
0.0251577
0.0288473
0.0281036
0.0265212
0.0317474
0.0220876
0.0273009
0.0274505
0.0289434
0.0259459
0.0256374
0.0281992
0.024171
0.0292781
0.0251478
0.0237261
0.0252316
0.0265925
0.0254487
0.0235992
0.0234675
0.0235955
0.0210368
0.0261235
0.0223103
0.0196412
0.0228493
0.0214235
0.0183357
0.0207911
0.0197918
0.0182141
0.0191188
0.0150389
0.0137091
0.0191966
0.0108263
0.0134549
0.00831233
0.0133979
0.00830985
0.010374
0.00811583
0.00235606
0.00610685
0.00726005
0.000560576
0.00458829
0.00386921
0.00051197
0.00165084
0.00444838
0.000165884
0.00156577
0.000524065
0
0.002813
0
0
-0.000777965
0.00148197
0.000529887
0.000297837
-0.00188177
0.00302942
0.000489813
-0.000118817
0.00302467
0
0.00205194
0.000558925
0.00537873
-0.00117689
0.00413562
0.00463671
0.002057
0.00546517
0.00113911
0.00536909
0.00374407
0.0045161
0.00679652
0.00282076
0.0111392
0.00305564
0.00686573
0.00909123
0.00708107
0.0070299
0.00791311
0.00804575
0.009392
0.00916815
0.00962425
0.00945085
0.012644
0.0110072
0.0105928
0.0121942
0.0141514
0.0104216
0.0126562
0.015622
0.0135929
0.0138291
0.0163748
0.0141408
0.018787
0.0173878
0.0122201
0.0195376
0.0180949
0.0167214
0.0181094
0.0196067
0.0209993
0.0196075
0.0161505
0.02356
0.0182289
0.0226524
0.022352
0.024888
0.0222986
0.024506
0.019546
0.0227108
0.0249068
0.0217613
0.0227884
0.019527
0.0229169
0.0205008
0.0252143
0.0169002
0.0213275
0.0230928
0.0147868
0.0203583
0.0196147
0.0160615
0.0135008
0.0154294
0.0193104
0.0184579
0.0211582
0.0185266
0.0210797
0.0236912
0.0222606
0.0244862
0.0188811
0.0270366
0.0219301
0.020711
0.0211275
0.0167491
0.0194838
0.0158578
0.0183468
0.0190327
0.0155546
0.0178017
0.0154142
0.0150814
0.0167049
0.0165581
0.0167015
0.014747
0.0177735
0.0149111
0.0180693
0.0153771
0.015695
0.0146196
0.0161663
0.0167186
0.0138702
0.0175362
0.0144961
0.0164403
0.0167815
0.0148177
0.0181823
0.0131494
0.0163795
0.0198878
0.0177765
0.0125015
0.0191878
0.0171048
0.0176872
0.0156098
0.0185464
0.0196456
0.0179324
0.0168894
0.019409
0.0203158
0.0178598
0.0182671
0.0186777
0.0201004
0.0196417
0.0197612
0.0196131
0.0215343
0.0210323
0.0181482
0.0174453
0.0202674
0.0167888
0.0203431
0.0182102
0.0201176
0.0184145
0.0182354
0.0154526
0.0182421
0.0206558
0.0158872
0.0137557
0.0197779
0.0151478
0.0197619
0.0173167
0.0135975
0.0176507
0.0165409
0.0178451
0.0173179
0.0169131
0.0159954
0.0183362
0.019432
0.0167623
0.0165512
0.0212363
0.0179425
0.0178084
0.0184489
0.0183355
0.01603
0.0168994
0.0190677
0.0145066
0.0210482
0.0186831
0.0165116
0.0196449
0.015911
0.017108
0.020716
0.0188732
0.0170985
0.0207474
0.0143954
0.0214909
0.0167881
0.0192938
0.0196709
0.0176283
0.0181201
0.0204954
0.0135251
0.0203643
0.0182601
0.0191665
0.0198756
0.0177675
0.0170413
0.0205844
0.0196767
0.0179814
0.0188238
0.0189682
0.0151507
0.0194088
0.0171289
0.0176934
0.0152667
0.0193717
0.0167259
0.0184421
0.017722
0.0147264
0.0183574
0.0163019
0.0155831
0.0190639
0.0151347
0.0149082
0.0144423
0.0144123
0.0145122
0.0175953
0.0142667
0.0137925
0.0149472
0.0142293
0.0145082
0.0142101
0.0130091
0.0116986
0.0150854
0.0145962
0.0116105
0.0117886
0.0139231
0.00887144
0.012619
0.0116203
0.0117819
0.0111297
0.00878225
0.012666
0.00908166
0.00875311
0.00670426
0.012724
0.00852354
0.00470082
0.010627
0.0064736
0.00599595
0.00297561
0.0119354
0.0044361
0.00777895
0.00731818
0.00582546
0.00512187
0.00747174
0.00227791
0.0060062
0.00872944
0.00495383
0.00524246
0.00441948
0.00847837
0.00410098
0.00298549
0.00594305
0.00835546
0.00728664
0.0066739
0.00568275
0.00954301
0.00616991
0.0110119
0.00907896
0.00816
0.00731677
0.00811583
0.0154396
0.00959338
0.012194
0.0118854
0.010006
0.0164557
0.0116325
0.0100897
0.0165547
0.0118557
0.01255
0.0155437
0.013187
0.0126814
0.0149962
0.014671
0.0157421
0.0151633
0.0148463
0.0186935
0.0139754
0.0174384
0.0150594
0.0197735
0.0184361
0.0155532
0.0184245
0.0198016
0.0184146
0.0163441
0.0193419
0.0210277
0.018539
0.0201184
0.0210425
0.0195173
0.0222388
0.0226563
0.0216517
0.0209427
0.0236991
0.019537
0.024912
0.0203788
0.0269133
0.0252051
0.0247866
0.0265274
0.0274161
0.0207818
0.0258285
0.0224252
0.022723
0.0217113
0.0199541
0.0244001
0.0194319
0.0173848
0.0172193
0.0172153
0.0136627
0.0148314
0.016608
0.011436
0.0112513
0.0118218
0.00948007
0.0107177
0.00854124
0.00638156
0.00859889
0.00582227
0.00390589
0.00639639
0.00473756
0.00506146
0.00411695
0.000635815
0.000894814
0.00178337
-0.00375735
-0.001626
-0.00171931
-0.00180438
-0.00671484
-0.0038982
-0.00639086
-0.00979934
-0.005889
-0.00551713
-0.00827485
-0.0113664
-0.0116003
-0.0100123
-0.014076
-0.00492001
-0.0130636
-0.00910041
-0.00535948
-0.012348
-0.00572069
-0.0101379
-0.00588935
-0.00919514
-0.00817619
-0.00211109
-0.0119396
-0.00672396
-0.00341119
-0.00684077
-0.00637055
-0.00499613
-0.00550862
-0.00264929
-0.00447559
-0.00485954
-0.00485544
-0.000550138
-0.00272322
-0.000707813
-0.0029992
-0.0020344
-0.000181029
-0.000426847
-0.000266683
-0.000336742
-0.000659964
0.00418797
0.00366198
0.000118835
0.00205106
0.00646581
0.00360985
0.00202786
0.00839333
0.00336699
0.00679936
0.00917346
0.00445142
0.00903924
0.00898615
0.00879731
0.0101095
0.00611281
0.0145541
0.00902805
0.0120661
0.0117718
0.0108236
0.0149285
0.0108811
0.0149997
0.0139955
0.0151039
0.0141902
0.0160719
0.0156393
0.0155565
0.0154907
0.0183403
0.0167646
0.0164238
0.01971
0.0192651
0.0182072
0.0209541
0.0168819
0.021971
0.0181943
0.023613
0.02058
0.0211063
0.0211761
0.0218088
0.0214092
0.0170484
0.022699
0.0215467
0.019475
0.0192917
0.0209408
0.0222358
0.0195959
0.0173134
0.0202127
0.0187177
0.0207513
0.0205406
0.0186656
0.0186534
0.0174407
0.0179701
0.0195142
0.0159199
0.0203367
0.0178969
0.0162557
0.0164244
0.0170385
0.014621
0.0159975
0.013395
0.0161958
0.0119564
0.014979
0.0104539
0.0146017
0.00897652
0.010903
0.00976374
0.008002
0.00972801
0.0081902
0.00599396
0.00616978
0.00429487
0.00445181
0.0046535
0.00197303
0.000803327
-0.00135354
-0.000377839
-0.000145119
-0.00213001
-0.00316035
-0.00650522
-0.00538509
-0.00569794
-0.00282715
-0.00629756
-0.00964858
-0.00802533
-0.00317216
-0.00490958
-0.0103136
-0.00727357
-0.00811999
-0.0113483
-0.0063777
-0.00706113
-0.00888862
-0.00498194
-0.00690226
-0.00702558
-0.00680409
-0.00494207
-0.00756348
-0.00486068
-0.00652977
-0.00389734
-0.00523649
-0.00471752
-0.00646044
-0.00133066
-0.00584364
-0.000846999
-0.00260735
-0.00372506
-0.0018414
-0.00464986
-0.000945656
-0.00278919
0.00290065
0.00116753
-0.000787863
0.00172709
0.000829008
0.00134939
0.00126325
0.00470841
0.00232928
0.00341104
0.00712007
0.00268372
0.00432208
0.00775781
0.00624065
0.00596948
0.00786252
0.00553647
0.00800547
0.012319
0.00892423
0.0118541
0.0133835
0.00998817
0.0118047
0.0136224
0.0109927
0.0152767
0.011346
0.0151682
0.0134482
0.014398
0.0166039
0.0166093
0.0151567
0.0173451
0.0160732
0.014997
0.0196053
0.017606
0.0168694
0.0156739
0.0216287
0.0147088
0.01671
0.0196125
0.0150202
0.0165043
0.0157173
0.0142617
0.0199333
0.0161301
0.0152767
0.0171321
0.0111483
0.013442
0.0126786
0.0145033
0.011395
0.0107682
0.0132078
0.0114701
0.0130943
0.0119495
0.0102093
0.00761019
0.0131089
0.0089695
0.0110359
0.00779958
0.00838019
0.00896542
0.0107427
0.00594435
0.00982817
0.00829468
0.00438235
0.00859864
0.00892719
0.00422879
0.00576282
0.00737553
0.00457441
0.00735493
0.00607926
0.00133752
0.00728605
0.00304923
0.00433333
0.00546993
0.00448559
0.00324147
0.00421026
0.0103316
0.00505092
0.00584064
0.00728276
0.00447012
0.00437918
0.00681768
0.00683015
0.00947437
0.0082204
0.00451146
0.00884587
0.00161596
0.0116696
0.0105385
0.0114313
0.0118655
0.0104742
0.0111061
0.013438
0.00746506
0.0141589
0.0112194
0.00764248
0.0120948
0.00900665
0.00953085
0.0153555
0.00775191
0.0125208
0.0108801
0.0114894
0.0122615
0.0132343
0.0118803
0.0146723
0.0149014
0.00942727
0.0143035
0.0123987
0.0117251
0.0116263
0.0151985
0.014364
0.0104287
0.0141991
0.0177468
0.011725
0.0110169
0.0165988
0.0143953
0.0134404
0.0136352
0.0140137
0.0119231
0.0152558
0.011342
0.0177488
0.0146787
0.0136829
0.0121455
0.0182798
0.0133595
0.0137637
0.0150326
0.0148968
0.013691
0.0144789
0.0152314
0.0134819
0.0139636
0.0156338
0.0109355
0.019047
0.0115444
0.0159847
0.0113394
0.0161037
0.01545
0.0109833
0.0168389
0.0114591
0.0142132
0.0119585
0.0144713
0.0140297
0.00975535
0.0146119
0.0137538
0.0128506
0.0125823
0.0157758
0.0111107
0.0117984
0.015612
0.0146477
0.00954001
0.0120458
0.0151879
0.00916795
0.00795569
0.0165798
0.0101653
0.0120471
0.0100809
0.0118966
0.0110592
0.00937949
0.0118068
0.0102353
0.011673
0.00807622
0.00925451
0.0122225
0.0137091
0.0104096
0.00847757
0.0107141
0.0149917
0.00981022
0.00920106
0.0112692
0.0113099
0.00947771
0.0135093
0.00684039
0.0120329
0.014072
0.00893124
0.00973722
0.0098107
0.0110143
0.00462175
0.012361
0.0087751
0.0114331
0.0105144
0.00949428
0.0125481
0.0109764
0.00934289
0.0109388
0.0104852
0.0117007
0.00729773
0.0139741
0.00796269
0.0140942
0.00774857
0.0113664
0.0135605
0.0113709
0.011042
0.0113822
0.0125478
0.0126101
0.0114434
0.0085271
0.012818
0.0119482
0.00964277
0.0127709
0.0125115
0.0144484
0.0114349
0.0106418
0.0140294
0.0118414
0.0139812
0.0103608
0.0109597
0.0146789
0.0113877
0.0127923
0.0114021
0.0135006
0.0164262
0.0105193
0.00931011
0.0223842
0.00820999
0.015921
0.0125518
0.0148273
0.0155532
0.0119642
0.0161928
0.0147945
0.0166001
0.0111169
0.0182712
0.0143005
0.0148509
0.0176639
0.014437
0.0186397
0.0144274
0.019845
0.0163073
0.0195117
0.0123333
0.0151622
0.0158089
0.0191566
0.019137
0.0159663
0.0117277
0.0182564
0.0137479
0.0165958
0.0155546
0.0153103
0.0188571
0.0151205
0.0200038
0.01451
0.016628
0.0148774
0.0165808
0.0145709
0.0164293
0.0150603
0.0142859
0.0160085
0.0136762
0.0145706
0.0137121
0.0155409
0.0121175
0.015622
0.011923
0.0160508
0.0125786
0.0145847
0.0134036
0.00886243
0.0135014
0.0118634
0.0114747
0.00765506
0.0124253
0.0100414
0.0107759
0.00897489
0.0119809
0.0075126
0.00914568
0.00744679
0.0088316
0.00899305
0.00574091
0.00866308
0.00577924
0.00454313
0.00544324
0.00636719
0.00445897
0.00603095
0.00454043
0.00330009
0.00278984
0.00308346
0.00176112
0.00463399
0.0013814
-0.000462197
0.000277211
0.00121902
0.0011712
0.00105564
0.000722726
0.00127517
0.00194193
-0.000861117
0.00112602
0.00105396
-0.000550416
-0.00153391
-0.000689238
-0.000266721
-0.000852506
0.000228297
-0.00134211
-0.000438095
-0.000829026
0.000927469
0.000490578
0.00119857
0.00181573
0.0026646
0.000216119
0.00101112
0.00237725
0.00253409
0.00227151
0.00234454
0.00546709
0.000886855
0.00346773
0.00227352
0.00508058
0.00484425
0.0051897
0.0034623
0.00503612
0.0076694
0.00315563
0.00765
0.00361593
0.00520899
0.00793588
0.0046791
0.00806869
0.00472357
0.00569033
0.0110534
0.0063206
0.00859446
0.0119196
0.0078809
0.0097268
0.00942669
0.0126376
0.00869218
0.0108159
0.0141787
0.00768375
0.0142998
0.0110065
0.0115274
0.0103991
0.0145847
0.0119547
0.0110656
0.0134553
0.0112914
0.0129142
0.0150335
0.0134418
0.0131968
0.0151141
0.0124101
0.0138093
0.0108921
0.013374
0.0140818
0.00927652
0.0125537
0.0140814
0.0120357
0.00939016
0.0142344
0.0107034
0.00922714
0.0111386
0.0105009
0.00928872
0.00922487
0.012081
0.00755369
0.0119709
0.00605304
0.0110277
0.0105771
0.00918912
0.00447425
0.0112376
0.00877364
0.0079098
0.00777723
0.00919618
0.00769693
0.00825861
0.00464165
0.00733272
0.00746657
0.00689058
0.00541406
0.00685099
0.00590617
0.00663193
0.00253706
0.000423935
0.0033095
0.00377793
0.00497917
0.000549012
0.00368648
0.00119113
0.000965214
0.00260174
0.00240284
0.000424979
0.000210762
-0.00274188
-0.000673095
0.00205477
0.00236564
0.00109868
-0.000156162
0.00155037
0
0.00120658
0.00173733
0.00152669
-0.000591081
0.00182524
-0.000312486
0.000929945
0.00535998
0.00331078
0.00296963
0.000574411
0.00048936
0.00436569
0.00392488
0.00775179
0.00177667
0.00248605
0.00419696
0.00361656
-0.000929368
0.00494143
0.00694896
0.00640642
0.00501158
0.00487239
0.0033931
0.00264174
0.00470498
0.00655716
0.00586075
0.0038884
0.00442733
0.00318008
0.00374173
0.00384521
0.00395128
0.00704113
0.000797422
0.00508315
0.00635609
0.00163096
0.00329553
0.00404961
0.00506178
0.00274617
0.00494107
0.00465427
0.000860675
0.00505295
0.00354827
0.00288915
0.00438575
0.00397388
0.00212436
0.00351128
0.00339776
0.00285709
0.00424308
0.00294585
0.00240515
0.00521552
0
0.00423253
0.0026317
0.00360153
0.00473091
0.002149
0.000664962
0.00525154
0.00171658
0.00277978
0.0028375
0.00433597
0.000966085
0.00938904
0.000686527
0.0037615
0.00121981
0.0043109
0.00378543
0.00354107
0.00212709
0.00495923
0.00134411
0.00207994
0.00637108
0.00212436
0.00320275
0.00226534
0.00691899
0.00361096
0.00581682
0.00162504
0.00408811
0.00395128
0.00644907
0.0023799
0.00435322
0.00586118
0.00121632
0.0042452
0.00712444
0.00225954
0.00500068
0.00479152
0.00885336
0.00216808
0.00560856
0.00221597
0.000769898
0.00726576
0.0026507
0.00471206
time between points =  0.002sec;      number of points = 7169
surface displacement (cm)
