0.00591816
0.00374535
0.00668286
0.00413079
0.00618332
0.00397844
0.00423032
0.00682776
0.00233346
0.00667372
0.0029493
0.00378527
0.00582409
0.00393595
0.00661473
0.00432475
0.00354629
0.00633174
0.0026242
0.00252977
0.00485837
0.00426314
0.00370303
0.00330655
0.00563038
0.0026181
0.00583952
0.00526733
0.00364034
0.0050872
0.00550113
0.00525696
0.00397367
0.00541775
0.00535582
0.00406212
0.00370303
0.00734985
0.00490306
0.00302268
0.00468983
0.00553601
0.00427153
0.00379051
0.00517808
0.00396122
0.00473068
0.00225878
0.0041765
0.00501696
0.00565749
0.00382015
0.00546243
0.00470923
0.00393503
0.00436564
0.0050111
0.00397844
0.00538693
0.00237865
0.00477249
0.00463756
0.0034349
0.00553601
0.00516549
0.00405992
0.00220461
0.00846586
0.00312762
0.00545497
0.00473231
0.00493507
0.00686372
0.00474188
0.00453871
0.00386411
0.00510713
0.00413793
0.00376452
0.00350614
0.00280825
0.00677532
0.00407464
0.00404959
0.00514084
0.0030641
0.00522504
0.00610666
0.00351335
0.0044985
0.00458594
0.00218658
0.00489419
0.00542687
0.00265818
0.00307235
0.0078782
0.00370303
0.00262426
0.00374423
0.00693631
0.0034807
0.00533058
0.0026135
0.00385471
0.00557721
0.00508993
0.00378656
0.00378892
0.00764231
0.00416486
0.00578342
0.00244007
0.00622471
0.0056755
0.00363852
0.00554608
0.00393216
0.00405972
0.0051445
0.00606202
0.00346493
0.00291381
0.00365114
0.00500982
0.00547156
0.00401744
0.00401582
0.0036786
0.00409636
0.0051004
0.00457725
0.00447411
0.00253484
0.00645129
0.00498546
0.00304884
0.00736868
0.00449877
0.00378892
0.00649378
0.00269139
0.0054576
0.00590047
0.00289983
0.00513381
0.00561553
0.00485837
0.00492235
0.00278584
0.00393155
0.00427153
0.00621801
0.00328752
0.00164843
0.00770211
0.00237986
0.00579009
0.00374771
0.00367215
0.00455039
0.00481369
0.00256954
0.00508913
0.00406432
0.00362185
0.00686372
0.00365834
0.00271621
0.00462297
0.00697617
0.00451508
0.00349649
0.00651056
0.00508493
0.00451394
0.00731264
0.00490306
0.00475343
0.00325225
0.00402092
0.00423158
0.0050908
0.00474575
0.00458594
0.00346493
0.00257351
0.00432095
0.00363362
0.00521205
0.00406084
0.00465948
0.00463062
0.00527377
0.0041349
0.0039253
0.00685669
0.00425609
0.00374803
0.00513381
0.00451668
0.0061382
0.00401616
0.00430552
0.00511106
0.0043502
0.00265943
0.00487638
0.00745637
0.00226034
0.0054294
0.00509982
0.00249394
0.00468146
0.00438738
0.00481021
0.00157139
0.00733471
0.00291161
0.0051445
0.00641408
0.00102075
0.00694382
0.00368288
0.00750101
0.00381943
0.00522279
0.00427627
0.00537175
0.00223536
0.00690265
0.00219679
0.0052114
0.00411978
0.00619857
0.00505949
0.00441955
0.00634113
0.00265254
0.00622471
0.00441142
0.00370303
0.00631499
0.00618654
0.00401396
0.00270682
0.00659208
0.00374423
0.00318548
0.00581881
0.00405845
0.00548701
0.00595721
0.0041078
0.00236905
0.00737192
0.00353629
0.00664612
0.00555198
0.00598287
0.0039425
0.00249605
0.00514962
0.00472432
0.00138688
0.00617615
0.00550711
0.00593359
0.00522803
0.00361742
0.00537175
0.00217207
0.00289763
0.00572711
0.00625775
0.00401396
0.00546111
0.00518555
0.00362903
0.00085629
0.00459288
0.00458629
0.00557698
0.00552572
0.00506465
0.00425609
0.00553473
0.00335746
0.0062703
0.00234281
0.00546243
0.0081196
0.00397276
0.00398559
0.0023179
0.00526005
0.00540768
0.00461631
0.00604752
0.00421771
0.00252629
0.00387983
0.00557721
0.00510334
0.00584821
0.00258798
0.00690489
0.00514532
0.00249746
0.0026621
0.00523425
0.00521966
0.00601259
0.00462749
0.00298776
0.00482092
0.00527051
0.00423158
0.00625685
0.00339568
0.00664612
0.0025306
0.00405992
0.0069032
0.00397276
0.00268066
0.00370554
0.00633382
0.00616087
0.00490644
0.00541873
0.00432095
0.003833
0.0062694
0.00319022
0.0055716
0.00597489
0.00237817
0.00549862
0.00681725
0.00401241
0.0038242
0.0024028
0.00513381
0.0045482
0.00733471
0.00253867
0.00577466
0.00666656
0.00427627
0.00405992
0.00626588
0.00435505
0.00665242
0.00401487
0.00407464
0.00407586
0.00707727
0.00374931
0.00356907
0.00550472
0.00419312
0.0066479
0.00435495
0.00541525
0.00707265
0.00245626
0.00633382
0.00426244
0.00370303
0.00546463
0.00358463
0.00690489
0.00518567
0.0056208
0.00374423
0.00302124
0.00422379
0.00431484
0.00390531
0.00497261
0.00681579
0.00594468
-0.000557381
0.00550389
0.00225825
0.00537526
0.00652337
0.00265951
0.00486909
0.00734458
0.00364765
0.00293872
0.0061062
0.00397276
0.00543161
0.00510713
0.00386759
0.0058643
0.00499499
0.00397624
0.00369969
0.00522501
0.0035249
0.0104502
0.00430078
0.00541291
0.00224334
0.00435523
0.00486221
0.00645656
0.00423753
0.00562185
0.0035101
0.00479501
0.00482092
0.00430563
0.00485489
0.00550228
0.00611835
0.00398869
0.00468678
0.00446075
0.0055067
0.00389646
0.00533284
0.00659208
0.00435495
0.00537175
0.00273664
0.00401744
0.00666307
0.00588545
0.00374423
0.00533058
0.00408682
0.00677083
0.0035798
0.00398196
0.0046951
0.00937824
0.0034349
0.00401744
0.00439115
0.00425891
0.00608084
0.00278923
0.00658791
0.00627321
0.0052216
0.000881689
0.00526918
0.00393894
0.00634453
0.00549695
0.0038748
0.00774169
0.00332411
0.00558945
0.00574067
0.00526171
0.00603457
0.00537175
0.00324501
0.00365693
0.00649378
0.00511051
0.00458374
0.00504974
0.00568532
0.00252761
0.00603172
0.00632188
0.00674518
0.00382647
0.00537745
0.00541071
0.00491429
0.0043731
0.00381943
0.005955
0.00493354
0.00541291
0.00404957
0.00541643
0.00523774
0.00549937
0.00537555
0.00431621
0.00532838
0.0035173
0.00631719
0.00702212
0.00354734
0.00750799
0.00526083
0.00430563
0.00629633
0.00405516
0.00483128
0.00776565
0.00373702
0.00537428
0.0051686
0.00405387
0.00332018
0.0062296
0.00808353
0.002176
0.00435505
0.00509982
0.00397655
0.00512478
0.00702212
0.0055036
0.00401233
0.00534023
0.00204887
0.00449639
0.00511051
0.00755522
0.00375415
0.0038093
0.00419407
0.00651085
0.00611013
0.00541643
0.00600545
0.000624134
0.00798391
0.00515168
0.00606961
0.00483913
0.00459068
0.002176
0.00507121
0.00552098
0.00702081
0.00382776
0.00590651
0.00418701
0.00332967
0.00640215
0.00482441
0.00538587
0.00306844
0.00537561
0.00400838
0.00470548
0.00507429
0.00588499
0.00379447
0.00523865
0.00550008
0.00355455
0.00453871
0.00673106
0.00239759
0.00548104
0.00388323
0.00583083
0.0051445
0.00401396
0.00393216
0.00634665
0.00431621
0.00513471
0.00518919
0.00442672
0.00338523
0.00618792
0.00474653
0.00534864
0.00566967
0.00361735
0.00396799
0.00395072
0.00537395
0.00497474
0.00270094
0.00489973
0.00396249
0.00524541
0.00410553
0.00610234
0.00461643
0.00396749
0.00438041
0.00513471
0.00543368
0.00463145
0.00677087
0.000970041
0.00518555
0.00386759
0.00610666
0.00495154
0.00388907
0.00539764
0.00378289
0.00538219
0.00557937
0.00490644
0.00125495
0.00628561
0.00370683
0.00596302
0.00527504
0.00432999
0.00461884
0.0036835
0.00491764
0.00737881
0.00622782
0.00221705
0.00371079
0.00539764
0.00389777
0.00621658
0.00445408
0.00383012
0.00515354
0.0069853
0.00397147
0.00403739
0.003807
0.00497474
0.00260153
0.00591187
0.00697832
0.00248777
0.00503156
0.00672859
0.00111456
0.00610293
0.00445408
0.00222426
0.00645525
0.00426678
0.00545892
0.0051215
0.00249041
0.00518919
0.00615609
0.00733471
0.00410333
0.0039629
0.00385529
0.00682326
0.00351753
0.00466869
0.0044116
0.00375263
0.00867644
-0.000139062
0.00537175
0.00275625
0.00509351
0.00634453
0.00615131
0.00618332
0.00405864
0.00381274
0.00518555
0.00374423
0.00783356
0.00343886
0.00446497
0.00522684
0.00647319
0.0038336
0.00825933
0.00364629
0.00333203
0.00730082
0.00749182
0.00357624
0.00249618
0.00425609
0.00641803
0.00542687
0.00249394
0.00356907
0.00615609
0.00634453
0.00371079
0.0044806
0.00541423
0.0034349
0.00586285
0.0050963
0.00426838
0.00353151
0.00739418
0.0033753
0.00395354
-0.000246367
0.00690137
0.00487638
0.00614915
0.00361735
0.0038917
0.00751914
0.00397496
0.00435495
0.00384427
0.00333487
0.00591775
0.00382291
0.00397147
0.00354848
0.00519972
0.00599119
0.00506028
0.00509289
0.00307015
0.00517498
0.00402312
0.00820295
0.00249394
0.00279024
0.00781669
0.00369955
0.00484439
0.00201512
0.00690265
0.00441506
0.00510713
0.00372657
0.00302348
0.00733146
0.00434574
0.00364751
0.00393027
0.00386217
0.00392383
0.00462314
0.00916563
0.00369582
0.0045482
0.00603564
0.0010488
0.00694544
0.00518162
0.00557041
0.00252545
0.00599383
0.00620336
0.00514802
0.005197
0.00261267
0.0055036
0.00510867
0.00703812
0.00217953
0.00436724
0.00599585
0.00583536
0.00264912
0.00374931
0.00587938
0.0055036
0.0016827
0.00559053
0.00517132
0.00393247
0.00524541
0.00388559
0.00498485
0.00611145
0.00484766
0.00600438
0.00382291
0.00487766
0.00330459
0.00299886
0.00586873
0.00638411
0.00357541
0.00445234
0.00665242
0.00406432
0.00402776
0.00541775
0.00548701
0.00649378
0.00221705
0.0029812
0.00483846
0.00702094
0.00280567
0.0051146
0.0051445
0.00619857
0.00444374
0.00575862
0.00212407
0.00584646
0.00454323
0.00264948
0.00598723
0.00653495
0.0020524
0.0047078
0.00597239
0.00257578
0.00715592
0.00236553
0.00646279
0.00327959
0.00462421
0.00456672
0.00482441
0.00386896
0.00526435
0.00673318
0.0053526
0.0055036
0.00426226
0.00412329
0.00541699
0.0069373
0.00603926
0.00248256
0.00751914
0.00401744
0.00474235
0.00303808
0.00486186
0.00561815
0.00392595
0.00532706
0.00498546
0.00558359
0.0051785
0.00384817
0.00468652
0.00566649
0.00583952
0.00431673
0.00409331
0.00562313
0.00510334
0.00746028
0.0037996
0.00705897
0.00404389
0.00685796
0.00349034
0.00276569
0.00631056
0.00454125
0.00491429
0.00397147
0.00551624
0.00658856
0.00406312
0.003807
0.00618332
0.00439303
0.00325219
0.00680875
0.00381744
0.0054576
0.00270682
0.00523195
0.0079077
0.00442318
0.00365468
0.00389777
0.00699486
0.00522803
0.00365834
0.00475958
0.00463472
0.00635967
0.00525559
0.00467188
0.00513773
0.00689783
0.00351467
0.00631359
0.00471675
0.00556552
0.00522318
0.00244528
0.00596058
0.00690489
0.0048203
0.0048375
0.00357966
0.00884296
0.00518919
0.00545892
0.00401558
0.0055905
0.00509982
0.00435505
0.00461595
0.00546921
0.00590047
0.00558593
0.00480707
0.00470587
0.00879881
0.00392679
0.00509878
0.00394647
0.00521249
0.00380212
0.00514656
0.0054576
0.00513733
0.00441666
0.00357624
0.00755044
0.00622053
0.00245274
0.00720999
0.00470649
0.00518567
0.00236905
0.00534893
0.00667523
0.00437431
0.00554482
0.0056952
0.00710446
0.0053929
0.00252531
0.00490681
0.00787346
0.00487638
0.00396927
0.00544233
0.00526527
0.00374423
0.00621872
0.00340487
0.00703318
0.00505513
0.00244921
0.00720061
0.0054523
0.00476667
0.00412819
0.00404834
0.00624106
0.0047459
0.00371603
0.0059512
0.00402092
0.00474188
0.00297875
0.00485489
0.00602948
0.00372285
0.00380924
0.00478041
0.00410333
0.00303026
0.0060841
0.00642158
0.00615609
0.00260828
0.00470593
0.00778418
0.000815596
0.00636764
0.00459068
0.00366183
0.00575634
0.00369955
0.00558065
0.00536538
0.00537056
0.00197244
0.00392722
0.00534143
0.0047078
0.00448452
0.0033851
0.00702883
0.00366434
0.00454859
0.00561369
0.00435043
0.0070816
0.00381511
0.00377823
0.0056208
0.00486909
0.00401396
0.0040837
0.00630336
0.00454125
0.000766694
0.00842122
0.00406995
0.00466595
0.00423753
0.00439558
0.00442278
0.00733677
0.00489666
0.00402259
0.00714249
0.00361023
0.00739396
0.00646279
0.00793404
0.00279628
0.0039743
0.00733796
0.00437854
0.00550228
0.00598728
0.00314295
0.00637498
0.00431257
0.00488886
0.00546111
0.00542702
0.00493037
0.00474544
0.00513072
0.00814798
0.00239985
0.00540514
0.00709045
0.00615393
0.00358697
0.0037918
0.00762381
0.00545803
0.00401883
0.00534023
0.00553473
0.00706943
0.00405736
0.00353507
0.00570744
0.00630336
0.00459068
0.00439341
0.00697143
0.00369955
0.00443283
0.00627223
0.00432748
0.005404
0.00562983
0.00270287
0.00642882
0.00622093
0.00217207
0.00846586
0.00580074
0.00400768
0.00424227
0.0055895
0.00781186
0.00433951
0.0038929
0.00629491
0.00401593
0.00473159
0.00426838
0.00512328
0.00565918
0.00329886
0.00431043
0.00697964
0.00281954
0.00498884
0.00554423
0.00702296
0.00228126
0.00622782
0.00635173
0.00779972
0.00453462
0.00385304
0.0074927
0.00678287
0.00331292
0.00695258
0.00562185
0.0042221
0.00501466
0.00373055
0.0053929
0.00393027
0.00216094
0.00610666
0.00485837
0.00523195
0.00427627
0.00414801
0.00979433
0.00253514
0.00671171
0.00730737
0.00662235
0.00398011
0.00709698
0.00898943
0.00311763
0.00479864
0.00566865
0.00403179
0.00439933
0.00421287
0.00638038
0.00393155
0.00370087
0.00381984
0.00658443
0.00307066
0.00611013
0.00697748
0.00613932
0.00393182
0.00871913
0.00553993
0.00622053
0.00634565
0.00481146
0.00646159
0.00253161
0.00214185
0.00797029
0.00244921
0.0047679
0.00635967
0.00441334
0.00232657
0.00439368
0.00500583
0.00716061
0.00245274
0.00622771
0.00806407
0.00497893
0.00667441
0.00604995
0.00841639
0.00273336
0.00653785
0.00674888
0.00501637
0.00214553
0.00548321
0.00455069
0.00373475
0.00427153
0.00558409
0.00343886
0.00450499
0.00521816
0.0053476
0.00413273
0.00698499
0.00521144
0.00846104
0.00517146
0.00609099
0.00646083
0.00689383
0.0036751
0.00651517
0.00630688
0.00477175
0.00288135
0.00510398
0.00290456
0.00437587
0.00728634
0.00414673
0.00416672
0.00518423
0.00789703
0.00167714
0.00606961
0.00702428
0.00608864
0.00515223
0.00729936
0.00693847
0.00412772
0.00463756
0.00637694
0.00612134
0.00173946
0.00654797
0.00736073
0.000957614
0.00381631
0.00755742
0.00339045
0.0010113
0.00553644
0.00508952
0.00256794
0.00846586
0.0048091
0.00447195
0.00505865
0.00520514
0.004315
0.00481641
0.00361281
0.00558065
0.00473852
0.00274038
0.00585528
0.00101005
0.000955793
0.00491157
0.00530353
0.00105827
0.00332517
0.00606202
0.00341569
0.00358718
0.00444905
0.00558409
0.00364765
0.00744815
0.00379588
0.00587175
0.00305081
0.00397669
0.00721378
0.0023256
0.00343325
0.00437835
0.000539087
0.00257478
0.00502354
0.00393503
0.00223536
0.0040244
0.00489302
0.00128998
0.00369582
0.00436887
0.00451903
0.0055014
0.00249125
0.00530873
0.00509264
0.00466316
0.00478562
0.00542126
0.00321498
0.00587875
0.00098721
0.00345549
0.00420667
0.00356713
0.00180975
0.0027185
0.0047339
0.00393155
0.000926551
0.00509459
0.00511403
0.00424715
0.0033937
0.0062857
0.00185098
0.00371207
0.00683701
0.00737549
-0.00184518
0.0059378
0.00379431
0.00237557
0.00641638
0.00406908
0.00117539
0.00232785
0.00585203
0.00136268
0.00328508
0.00248127
0.00413793
0.00248883
0.00552228
0.00561841
0.0034531
0.00740397
0.00493354
0.00444669
0.00587626
0.0011312
0.00669462
0.00308323
0.0031345
0.00306037
0.00341913
0.0028846
0.00381631
0.00262164
0.00507207
0.00248883
0.00349778
0.00558359
0.00319698
0.00257351
0.00709126
0.000964075
0.00542687
0.00592449
0.00262918
0.00293627
0.0046627
0.00357773
0.00245687
0.00201114
0.00702209
0.00389035
0.00344238
0.00701511
0.00347635
0.00393851
0.00656688
0.00550666
0.00372411
0.00374535
0.00481717
0.00305358
0.00337087
0.00253193
0.00270837
0.00361806
0.00182667
-0.00027148
0.00407729
0.00314295
0.00468948
0.0038505
0.00704255
0.00526833
0.00617841
0.00686121
0.00689016
0.0044214
0.00421249
0.00649328
0.00263489
0.00227607
0.0023263
0.00298624
0
0.00104644
0.00174432
0.00230616
0.000252996
0.00331121
0.00405785
0.000114068
0.0071495
0.00438376
0.00835786
0.00810396
0.00732613
0.00389548
0.0083628
0.00583079
0.00318974
0.00392722
0.00372093
-0.000568826
0.00282274
0.00115638
-0.000147575
0.00288538
0.00178208
0.00164358
0.00282632
0.00579194
0.00391934
0.00699178
0.00830296
0.00439082
0.00835786
0.00838126
0.00423907
0.00550609
0.00473699
0.00533408
0.00255026
0.00381202
-0.000277219
0.00313452
0.00105979
0.0018156
0.00168916
0.00528532
-0.000108894
0.00627204
0.00593308
0.00273189
0.0060703
0.00839141
0.00333212
0.00793956
0.00474712
0.00281202
0.00569952
0.00619163
0.0022191
0.0035859
0.00470451
-0.000475419
0.000985306
0.00625398
0.00092777
0.0025899
0.00530744
0.00338487
0.00731049
0.00613909
0.00388961
0.004386
0.00588375
0.00564475
0.00497099
0.00646006
0.00220531
0.00409207
0.00346097
0.00273028
0.00362783
0.00356463
0.00257868
0.00248724
0.00381203
0.0038929
0.00531088
0.00427533
0.00430225
0.00634941
0.00453783
0.00802997
0.00710744
0.00405992
0.00454181
0.00602493
0.00228744
0.00502699
0.00431621
0.00393027
0.00100527
0.00500982
0.00370303
0.00286213
0.0061042
0.00438822
0.00358697
0.00509479
0.00387763
0.00608556
0.00549352
0.00390414
0.00402092
0.00405992
0.00643998
0.000968813
0.00706869
0.00367354
0.00377798
0.00581964
0.0048692
0.0039738
0.00425609
0.00392505
0.00368536
0.00698096
0.00221587
0.00783356
0.00642882
0.00426838
0.00512493
0.00309968
0.00689251
0.00474111
0.00397844
0.00454599
0.00338974
0.00261599
0.00385611
0.0049699
0.00380869
0.00545993
0.0058448
0.00443548
0.00411264
0.00560859
0.0039254
0.00385463
0.00633213
0.00681556
0.00213833
0.00541431
0.00473074
0.00217535
0.00466148
0.0020936
0.00610882
0.00553945
0.000684906
0.00576853
0.00369582
0.00385527
0.00660085
0.00693854
0.00315927
0.00734296
0.00493703
0.00278136
0.00680341
0.00447539
0.00477624
0.00648851
0.00250707
0.00561732
0.00223559
-0.000100926
0.00689599
0.00526624
0.00132026
0.00625868
0.00276797
0.00524068
0.00645555
0.00599161
0.00450854
0.00706902
0.00544538
0.00519824
0.00493354
0.00545214
0.00376519
0.00566392
0.00215672
0.00543649
0.00521336
0.000895515
0.00606202
0.00618654
0.00237033
0.00550552
0.00505629
0.00190816
0.00755433
0.00657968
0.00590892
0.0077224
0.00343263
0.005978
0.00637498
0.0036683
0.00426678
0.00417882
0.00436043
0.00317652
0.00490814
0.00309086
0.00537853
0.00372335
0.00133992
0.00859228
0.00384822
0.00829098
0.00851177
0.00342966
0.00554606
0.00699105
0.00335844
0.00706683
0.00798631
0.00416359
0.00622428
0.00314769
0.00210081
0.00388971
0.00351335
0.00247526
0.00644734
0.0026328
0.00571113
0.00407139
0.00541873
0.00615932
0.00580398
0.00446048
0.00723755
0.00707995
0.00624868
0.00763532
0.005984
0.00397496
0.00437038
0.00335019
0.00468911
0.00697832
0.00221457
0.00602182
0.00193836
0.00633729
0.00734985
0.00329015
0.00537306
0.00656688
0.00389295
0.00709787
0.00672413
0.00472939
0.00837873
0.00475446
0.00546117
0.00619857
0.00489234
0.00382251
0.00664249
0.00381729
0.0047451
0.00546111
0.00274027
0.00569391
0.00116358
0.00420289
0.00693847
0.00336139
0.00782882
0.00336884
0.00519824
0.00711812
0.00685924
0.00361984
0.00701997
0.00597161
0.00314817
0.00702314
0.00625148
0.0027378
0.00640747
0.00207968
0.00621658
0.0062296
0.00364034
0.00254315
0.002444
0.0087144
0.00566865
0.00515219
0.0054576
0.00485114
0.00432305
0.00653795
0.00555178
0.00691848
0.00698194
0.00340281
0.00581097
0.00698227
0.0041784
0.00478361
0.00814084
0.00220931
0.00723928
0.00408119
0.00545645
0.00666655
0.00431257
0.00501943
0.00684919
0.00384065
0.00386372
0.0065788
0.00770934
0.00589398
0.00462842
0.00471718
0.00508823
0.00555021
0.0049476
0.00710873
0.00530023
0.00223716
0.00571248
0.00396393
0.00605669
0.00473447
0.00655876
0.005992
0.006935
0.00209752
0.00620551
0.00636778
0.00514664
0.0087918
0.00380607
0.00470593
0.00629264
0.00624796
0.00440448
0.00679379
0.00240448
0.00565274
0.00789355
0.00333305
0.00855167
0.00220935
0.00927729
0.00377823
0.00384948
0.00712879
0.00697964
0.0052761
0.00702212
0.00489958
0.00474804
0.00791117
0.00562185
0.00566711
0.00549352
0.00176868
0.00654128
0.00702212
0.00541615
0.00657216
0.00498008
0.00652463
0.00789153
0.00559122
0.00519603
0.00647346
0.00650091
0.004553
0.00541643
0.00280567
0.00648851
0.00669706
0.00451439
0.00752249
0.00301899
0.00629985
0.0080531
0.00529402
0.00751607
0.00818183
0.003442
0.00662912
0.0056837
0.00740589
0.00562842
0.00686204
0.00535285
0.00909151
0.00253514
0.00631275
0.00603665
0.00521615
0.00504703
0.00723926
0.00384948
0.00600961
0.00618708
0.00794887
0.00690926
0.00524576
0.00414581
0.00694602
0.00733352
0.00426022
0.00660615
0.00636295
0.00464704
0.00618003
0.00516423
0.00559587
0.00711141
0.00820295
0.00258115
0.00933378
0.0046401
0.00726127
0.00710925
0.00247356
0.009383
0.00473468
0.00658295
0.00892125
0.00396159
0.00736973
0.00741111
0.00479724
0.0040961
0.00550042
0.00714778
0.00513381
0.00475493
0.00867063
0.00537555
0.00892572
0.00657968
0.00723926
0.00690265
0.00617806
0.00603915
0.00731428
0.00618139
0.00789355
0.00558593
0.00647352
0.00603527
0.00544147
0.00764929
0.00629174
0.0052884
0.00555495
0.00531036
0.00832887
0.00866486
0.00609638
0.00785278
0.00479952
0.00671685
0.00884238
0.00706329
0.00575045
0.00751607
0.00473878
0.00878774
0.00521966
0.00712811
0.00530903
0.00519339
0.0072053
0.00689918
0.00641615
0.00743644
0.00637146
0.00537911
0.00834531
0.00541071
0.0100307
0.00523064
0.00479952
0.00792757
0.0061441
0.00842873
0.00676911
0.00532181
0.00699965
0.00558945
0.00746257
0.00668918
0.00380766
0.00787346
0.00614802
0.00388933
0.00889649
0.00663105
0.0063231
0.00785747
0.00484399
0.010022
0.00564906
0.00667961
0.00728395
0.00537175
0.00762218
0.00706545
0.00681051
0.00811657
0.00679005
0.00540514
0.00673824
0.00517271
0.00642335
0.00491139
0.0075193
0.0075612
0.00644745
0.00675191
0.00547032
0.00850703
0.00621923
0.00627719
0.00904825
0.00434217
0.00942657
0.00554345
0.0048273
0.00795754
0.00640911
0.00859145
0.00648501
0.00534301
0.00906396
0.00529194
0.00724261
0.00685449
0.00782237
0.00570744
0.00628088
0.00937351
0.0088912
0.00550008
0.00728864
0.00815836
0.00542536
0.00927949
0.00614802
0.00813195
0.00505046
0.00525033
0.00925742
0.00605318
0.00902958
0.00659992
0.00791174
0.00624321
0.00894886
0.0071491
0.00740182
0.00794146
0.00903987
0.00698059
0.00885332
0.00775648
0.00786351
0.0080496
0.00556443
0.00699515
0.00705727
0.00833805
0.00683469
0.00590875
0.00949425
0.0056206
0.00768097
0.00953185
0.00766727
0.00677821
0.00830536
0.00631048
0.0109778
0.00698634
0.0069954
0.00859415
0.00730404
0.00814796
0.00817495
0.00455684
0.00902732
0.00967404
0.00357268
0.0107633
0.00596494
0.010072
0.00667413
0.00899631
0.00666344
0.00953999
0.00633291
0.00998707
0.00405899
0.0107612
0.00650903
0.00809162
0.00876017
0.00676765
0.00708415
0.00813713
0.00564524
0.00859064
0.00878496
0.00846238
0.00798684
0.00725556
0.00855686
0.00522645
0.010585
0.00802157
0.00625767
0.00649841
0.00770259
0.00788509
0.00790103
0.0053668
0.0103796
0.00850568
0.00631815
0.00698499
0.00880721
0.00785747
0.00772875
0.00652111
0.00937476
0.00953838
0.00704039
0.00778069
0.00621294
0.00878774
0.00676901
0.00681285
0.00832675
0.00689427
0.00777516
0.00654608
0.00785634
0.00797911
0.00762934
0.0055036
0.00739565
0.00813543
0.00615745
0.00774714
0.00982927
0.00698877
0.00785611
0.0103093
0.00528716
0.00642761
0.00767318
0.00955493
0.00415996
0.00940354
0.0064145
0.00698144
0.00600527
0.010762
0.00609464
0.00842293
0.00896563
0.00808698
0.00653596
0.00941759
0.00852415
0.00824993
0.00876781
0.00601245
0.00853491
0.0049102
0.0107567
0.00484663
0.00797554
0.0072622
0.00738231
0.00694116
0.0109813
0.00605375
0.00797257
0.00846104
0.00712896
0.00990261
0.00621669
0.0108488
0.00642601
0.00690045
0.00871502
0.00809406
0.00677825
0.00795303
0.00672071
0.00693275
0.00654008
0.00892367
0.00613068
0.00655717
0.00903708
0.00532728
0.00884712
0.00949725
0.00648948
0.0110694
0.00625022
0.00960178
0.0082231
0.00807867
0.00951302
0.00858936
0.00750908
0.00787872
0.00938558
0.00645842
0.0077398
0.0084721
0.00928044
0.00535677
0.010585
0.00850001
0.00632862
0.0111385
0.00833584
0.0081146
0.00941905
0.00702615
0.00929532
0.00883022
0.00713129
0.0098874
0.00871578
0.00653151
0.00857543
0.00784845
0.00979283
0.00829811
0.00777053
0.00749108
0.00634102
0.00867506
0.00562983
0.00845888
0.00725467
0.00957608
0.00617541
0.00979596
0.00747587
0.00689932
0.00627206
0.0103686
0.00703184
0.008546
0.00487437
0.00907305
0.00716917
0.0119959
0.00380438
0.009689
0.00576866
0.00538108
0.00460557
0.00657859
0.00356817
0.00797525
-0.00459829
0.00690853
0.00933684
0.0162382
0.0142783
0.0144926
0.0146219
0.0263085
0.0287493
0.0258309
0.0150862
0.0167612
0.0139533
0.00677435
0.0189927
0.0133763
0.00987055
0.0102046
0.0126414
0.0117662
0.0126061
0.00999696
0.00950883
0.0130023
0.0116395
0.0130323
0.0106647
0.0117671
0.0117586
0.0102081
0.0133789
0.0125376
0.00773001
0.0112128
0.0124166
0.0109186
0.0106577
0.0117229
0.00901621
0.0111257
0.00771986
0.0109519
0.0105191
0.011725
0.0139162
0.00871539
0.0136604
0.012957
0.0109746
0.0126302
0.0116814
0.0123178
0.0100382
0.0141829
0.0151573
0.00810655
0.0137728
0.0133763
0.010573
0.0132363
0.0140059
0.0101144
0.0137835
0.0133323
0.0111086
0.012715
0.012839
0.0130775
0.0114236
0.0132524
0.0151758
0.0101612
0.0136716
0.0143945
0.0115936
0.0131686
0.0150172
0.0097016
0.0135415
0.0145595
0.0129588
0.0143616
0.0108955
0.0164442
0.0102782
0.0161608
0.013938
0.0116851
0.0138495
0.0155577
0.0107276
0.0176115
0.0129029
0.013474
0.0157537
0.013798
0.0127966
0.0127966
0.0165649
0.0129261
0.0140523
0.0148103
0.0146598
0.0125142
0.0148478
0.0144863
0.0143862
0.0126326
0.0154115
0.0151352
0.0141213
0.0132097
0.0158578
0.0145608
0.0138474
0.0155365
0.0141521
0.0130871
0.0150018
0.0152598
0.0134029
0.0132454
0.0142099
0.0160913
0.0136497
0.0138633
0.0166992
0.0118489
0.0151438
0.0151776
0.0148055
0.0145794
0.0159779
0.0119265
0.0178512
0.00921079
0.0141724
0.0139304
0.0153224
0.0135671
0.0152579
0.014587
0.0129288
0.0147312
0.0165371
0.0151638
0.0154327
0.0142389
0.0177717
0.0133839
0.0162934
0.0142708
0.0167682
0.0169217
0.0165922
0.0159086
0.016823
0.0178076
0.0189483
0.0165179
0.0182326
0.011773
0.021897
0.0179388
0.0184255
0.0173521
0.00833803
0.027645
0.0307391
0.034462
0.0320845
0.0359568
0.032877
0.0328706
0.0306391
0.0304576
0.022493
0.0181959
0.0158449
0.0137594
0.0135561
0.00668207
0.00904838
0.00472936
0.00659108
0.0156022
0.0161761
0.00427624
0.0153538
0.0114456
0.0129451
0.0153548
0.0126599
0.0159562
0.00970399
0.0157156
0.014373
0.01335
0.0150746
0.0141908
0.0164426
0.0160858
0.0143957
0.01761
0.0178956
0.0158448
0.0176438
0.0199092
0.0168944
0.0181427
0.0190791
0.0213247
0.0180212
0.0182323
0.0226466
0.0208641
0.025028
0.0224135
0.0247985
0.0227212
0.0283501
0.0277284
0.0296084
0.0319322
0.0375113
0.0351595
0.0342558
0.0477108
0.041603
0.0465206
0.0523272
0.0509436
0.0584447
0.0576051
0.0627831
0.0681658
0.0749893
0.0724079
0.0800465
0.0842444
0.0887684
0.10165
0.0980853
0.102351
0.108477
0.111294
0.11729
0.122139
0.13663
0.137292
0.141238
0.149157
0.149163
0.163127
0.165573
0.169892
0.174074
0.186027
0.187623
0.197612
0.209029
0.213983
0.219443
0.228416
0.243232
0.244046
0.257267
0.273671
0.298209
0.304729
0.309729
0.315583
0.320667
0.336353
0.348122
0.357172
0.360898
0.375774
0.38427
0.407267
0.404637
0.432407
0.436988
0.449706
0.464896
0.483762
0.49065
0.522816
0.53691
0.553201
0.544833
0.579162
0.621273
0.638636
0.656831
0.679835
0.696559
0.720886
0.737469
0.756152
0.776937
0.790989
0.812377
0.828154
0.842887
0.861585
0.875672
0.894706
0.899679
0.904859
0.935713
0.958533
0.995626
1.01674
1.04217
1.07271
1.09701
1.13066
1.15496
1.18816
1.21363
1.24191
1.27426
1.30912
1.33392
1.36431
1.39204
1.41929
1.44546
1.47292
1.50089
1.52804
1.55422
1.58114
1.6049
1.63184
1.65739
1.68236
1.7074
1.73443
1.75726
1.78131
1.80672
1.82518
1.84953
1.86935
1.88651
1.89888
1.92156
1.92371
1.9397
1.95286
1.96177
1.96197
1.97275
1.96753
1.97679
1.97584
1.98061
1.97786
1.97489
1.97348
1.9686
1.96426
1.95674
1.95047
1.93691
1.92622
1.9164
1.89366
1.87282
1.85636
1.82841
1.80439
1.78524
1.75392
1.7296
1.69926
1.67282
1.64221
1.61158
1.58102
1.54576
1.51752
1.48695
1.45186
1.40929
1.38052
1.35502
1.32322
1.28806
1.26076
1.2297
1.19831
1.1679
1.1363
1.10941
1.07854
1.04785
1.01868
0.99251
0.956465
0.933025
0.902254
0.857941
0.830336
0.795205
0.769851
0.766752
0.76015
0.737264
0.7242
0.706631
0.694278
0.67874
0.660723
0.65507
0.636926
0.61677
0.600705
0.582088
0.565239
0.547923
0.527401
0.494278
0.47243
0.455027
0.43741
0.425082
0.415047
0.411949
0.40834
0.377214
0.366288
0.372066
0.349471
0.346288
0.350833
0.338521
0.3373
0.323596
0.317815
0.319235
0.311289
0.297416
0.297362
0.291923
0.285027
0.271075
0.263758
0.257679
0.229659
0.227248
0.221969
0.216947
0.209728
0.200725
0.196792
0.18907
0.179014
0.177887
0.172903
0.168702
0.166691
0.163139
0.153254
0.147125
0.144866
0.141694
0.134101
0.130896
0.129905
0.121886
0.118447
0.115837
0.106835
0.10348
0.0964889
0.0976279
0.0903316
0.0840248
0.0783568
0.0762723
0.0717846
0.0658222
0.0630661
0.0578402
0.056003
0.0522784
0.0512145
0.0432733
0.0334633
0.0387443
0.0364842
0.0351474
0.0321011
0.0312771
0.0319664
0.0296161
0.0276093
0.0266902
0.0259931
0.0226853
0.0227935
0.0195129
0.0216681
0.017795
0.018315
0.0137478
0.011775
0.0121929
0.00664628
0.0034898
0.00673921
0.00313684
0.00172484
-0.00336377
0.000117185
-0.00614931
-0.011736
-0.0186779
-0.012243
-0.0213121
-0.0155611
-0.0162139
-0.015855
-0.0187579
-0.0188827
-0.0205003
-0.0159906
-0.0203211
-0.0168543
-0.0186055
-0.016909
-0.0201656
-0.0149001
-0.0173205
-0.0162446
-0.0157353
-0.0142329
-0.0138437
-0.011788
-0.00987672
-0.0168388
-0.00792496
-0.00722506
-0.015829
-0.00189546
-0.0109484
-0.0117027
-0.00643385
-0.009326
-0.00702932
-0.00968183
-0.00375978
-0.00797813
-0.00531752
-0.00987161
-0.00672811
-0.00502424
-0.00489877
-0.0169418
0.00398663
-0.000849031
0.0045526
-0.0122296
-0.00572871
-0.0141012
-0.00779625
-0.012543
-0.00624051
-0.0137623
-0.0157371
-0.0186308
-0.0131591
-0.0191968
-0.0174543
-0.0135251
-0.0245558
-0.017902
-0.0294301
-0.0146067
-0.0239101
-0.0452569
-0.0372259
-0.0451791
-0.0493768
-0.0547094
-0.0567127
-0.054702
-0.059189
-0.0421432
-0.0725549
-0.0633392
-0.0624303
-0.0650356
-0.0870173
-0.0621568
-0.0637056
-0.0744983
-0.0712667
-0.0915825
-0.0837232
-0.0972176
-0.0749906
-0.0891164
-0.099169
-0.0769048
-0.0752254
-0.101614
-0.0916715
-0.0968508
-0.115832
-0.108915
-0.110194
-0.105827
-0.0951736
-0.0947834
-0.100781
-0.101726
-0.114457
-0.114292
-0.101849
-0.0953194
-0.108906
-0.0986529
-0.092152
-0.084501
-0.0909918
-0.0882344
-0.127548
-0.0998655
-0.0990226
-0.10732
-0.116036
-0.150308
-0.142315
-0.139068
-0.143188
-0.140685
-0.139812
-0.136091
-0.137619
-0.139557
-0.119163
-0.116856
-0.132692
-0.132603
-0.131964
-0.12982
-0.126525
-0.0630322
-0.108303
-0.0571978
-0.0755076
-0.0922879
-0.0232132
-0.0333337
-0.0113564
-0.0199765
-0.00512003
-0.00813952
0.000901318
0.00285341
0.0104618
0.0119013
0.0144942
0.024202
0.0225428
0.0420918
0.0615904
0.0662214
0.0805362
0.0863509
0.0972632
0.10156
0.10363
0.111758
0.11626
0.107018
0.110022
0.118397
0.119242
0.107989
0.108473
0.111159
0.116853
0.104136
0.106305
0.109848
0.0978137
0.110807
0.0974745
0.0991135
0.0412073
0.00810642
0.00422386
0.00289289
-0.0021928
0.00329329
-0.00589963
-0.00275756
-0.00470608
-0.0136535
-0.00981439
-0.0215582
-0.0187049
-0.0275141
-0.0268642
-0.0320815
-0.0343858
-0.038515
-0.0442086
-0.0409179
-0.0498423
-0.0475019
-0.0519524
-0.0510391
-0.0509793
-0.0520779
-0.0545938
-0.0539291
-0.056007
-0.0573908
-0.0512281
-0.0558111
-0.057322
-0.0528877
-0.0572093
-0.0558395
-0.0559653
-0.0528935
-0.0501926
-0.051329
-0.0538719
-0.0524111
-0.0503945
-0.0512699
-0.0496231
-0.0515704
-0.0490427
-0.0459273
-0.0520954
-0.0514171
-0.0485602
-0.0498518
-0.0498817
-0.0458249
-0.0481385
-0.0482905
-0.0496353
-0.0460046
-0.0457785
-0.0438746
-0.0443724
-0.047562
-0.0439598
-0.0444214
-0.0465537
-0.046021
-0.0491245
-0.0497479
-0.0446462
-0.050747
-0.0470689
-0.0491647
-0.0526622
-0.0493577
-0.0471472
-0.0522287
-0.0521477
-0.0487315
-0.0544565
-0.0523431
-0.052289
-0.0569553
-0.0555378
-0.0585649
-0.0608911
-0.0518527
-0.0623454
-0.0592021
-0.0646335
-0.0664843
-0.0612655
-0.0656686
-0.0616542
-0.063088
-0.0666044
-0.0578932
-0.0693684
-0.0679405
-0.0633228
-0.0631749
-0.0598461
-0.0644255
-0.0578674
-0.05383
-0.0610473
-0.0583246
-0.0588803
-0.0624296
-0.0593368
-0.0607142
-0.0720604
-0.062906
-0.0589974
-0.0630209
-0.0657061
-0.0618597
-0.0575014
-0.0626943
-0.061689
-0.0626679
-0.0675047
-0.0605124
-0.0660619
-0.0615661
-0.0628219
-0.0633944
-0.0643141
-0.0641906
-0.0625056
-0.0675534
-0.0585662
-0.06573
-0.0620428
-0.0610469
-0.0646302
-0.0608075
-0.0648862
-0.0612003
-0.0586056
-0.058343
-0.065065
-0.0609917
-0.0569356
-0.0581996
-0.0607143
-0.0584797
-0.0575708
-0.0566837
-0.0561855
-0.0585267
-0.0566207
-0.0542786
-0.056343
-0.05605
-0.05181
-0.0547541
-0.0515073
-0.0513051
-0.0478565
-0.0462296
-0.0468353
-0.0600138
-0.0515437
-0.04497
-0.0465304
-0.0583042
-0.0541636
-0.0444839
-0.0620434
-0.054238
-0.0478246
-0.0579782
-0.0478063
-0.0574797
-0.0612584
-0.0615678
-0.0611811
-0.0630647
-0.0628757
-0.0638721
-0.075127
-0.0648756
-0.0748875
-0.0664982
-0.0758911
-0.0708547
-0.0710784
-0.0724223
-0.0714414
-0.0685935
-0.0764191
-0.0728314
-0.071599
-0.0875392
-0.0700576
-0.0680886
-0.0739204
-0.0748758
-0.0734426
-0.0679067
-0.0677365
-0.075436
-0.0707061
-0.078297
-0.0717186
-0.0726942
-0.0737313
-0.0679475
-0.0646212
-0.0566888
-0.0543093
-0.0584466
-0.0562242
-0.0562702
-0.0512104
-0.0459707
-0.0555523
-0.0583857
-0.0674473
-0.04978
-0.0526948
-0.0478163
-0.047614
-0.0479149
-0.0767216
-0.0533931
-0.0780998
-0.0690873
-0.0655504
-0.0836946
-0.0788691
-0.0881104
-0.0846085
-0.0890074
-0.0846913
-0.0897858
-0.0911245
-0.0828054
-0.0854335
-0.0856024
-0.0874751
-0.0822843
-0.0833431
-0.082277
-0.0840042
-0.0820134
-0.0807353
-0.0809538
-0.0823925
-0.0844682
-0.0798707
-0.0843966
-0.0835509
-0.0816584
-0.0824554
-0.0860219
-0.0866646
-0.0822558
-0.0880833
-0.0798813
-0.0937138
-0.0826745
-0.0872321
-0.0865508
-0.0798518
-0.0884067
-0.0861087
-0.0861608
-0.0857812
-0.0821114
-0.082956
-0.0831929
-0.0885041
-0.0810436
-0.0867047
-0.0852714
-0.0832125
-0.0857354
-0.0793302
-0.0839681
-0.0876281
-0.0799977
-0.0814422
-0.0812498
-0.0817772
-0.0764167
-0.081009
-0.0766484
-0.0738141
-0.0764281
-0.0739885
-0.0784617
-0.0707879
-0.0725544
-0.0802043
-0.0800279
-0.0817432
-0.0804496
-0.0776322
-0.0732219
-0.0814067
-0.0695521
-0.0765267
-0.0713912
-0.069843
-0.0718586
-0.0680897
-0.0710915
-0.0644036
-0.0646441
-0.0617967
-0.0627657
-0.0628567
-0.0554049
-0.0583114
-0.0588863
-0.0541051
-0.052733
-0.0518269
-0.0519514
-0.0433709
-0.0499432
-0.0514596
-0.0414942
-0.0441895
-0.0448269
-0.042096
-0.0413963
-0.044633
-0.0402416
-0.0337435
-0.0373996
-0.0349444
-0.0331782
-0.0342334
-0.032112
-0.0287655
-0.0276772
-0.0284077
-0.0308468
-0.0203382
-0.0292352
-0.0240894
-0.0212702
-0.0170599
-0.0200359
-0.0138078
-0.014839
-0.0172574
-0.00699339
-0.00832381
-0.0112882
-0.0106957
-0.00877608
-0.00702299
-0.00647298
-0.00783012
-0.0069497
-0.00224078
-0.0027982
-0.0054391
0.00181196
-0.00456528
0.000537602
-0.000211594
0
0.0046518
-0.00172927
0.00751098
0.00635848
0.00811365
0.0104205
0.0107453
0.013411
0.0180478
0.0134211
0.0232642
0.0125074
0.0222193
0.0304577
0.0346722
0.0238245
0.0271824
0.0334165
0.0382374
0.0300195
0.0359323
0.0333957
0.0347485
0.0397157
0.034544
0.0416152
0.0366701
0.0371589
0.0361679
0.0402216
0.0438327
0.0498899
0.0371168
0.0502023
0.0358992
0.0454125
0.0391616
0.0394154
0.0388802
0.042849
0.045018
0.0433913
0.0350733
0.0487348
0.0353588
0.0350656
0.0435511
0.0352007
0.0423692
0.0366664
0.0438724
0.0353717
0.0304564
0.0402935
0.0401995
0.0379505
0.0362998
0.0443452
0.0308292
0.0405122
0.0304301
0.0462656
0.0379142
0.043683
0.0377402
0.0455995
0.0410444
0.0443405
0.0382139
0.0419025
0.0387952
0.0382427
0.0389157
0.0283761
0.0397964
0.0358086
0.0329729
0.0323522
0.0331375
0.0323637
0.030622
0.0306681
0.025379
0.0305081
0.0261113
0.0276281
0.0232156
0.031152
0.023388
0.0249245
0.0241007
0.0184822
0.0238577
0.0199169
0.0175208
0.0235206
0.0174667
0.0192883
0.020139
0.019251
0.0201965
0.0192508
0.0187335
0.0213655
0.0151853
0.0218768
0.0157766
0.0171
0.0193544
0.0147551
0.0175628
0.0168518
0.0146733
0.0234676
0.0143247
0.0152032
0.0215448
0.0159596
0.0169124
0.017624
0.0242309
0.0140586
0.0192238
0.0234937
0.0163267
0.0211008
0.0271155
0.0228685
0.0224243
0.0231145
0.0271924
0.0233849
0.0270197
0.0267912
0.0256074
0.0322325
0.0268407
0.028979
0.0277951
0.0280492
0.0353493
0.0320519
0.0334474
0.0379668
0.0355569
0.0342802
0.0409764
0.0384504
0.0388554
0.0422476
0.0401247
0.0405624
0.0418678
0.0373192
0.0444997
0.0462842
0.0456707
0.0383154
0.0455684
0.0454857
0.0545183
0.0419376
0.0445216
0.0421416
0.0492177
0.0463463
0.0355537
0.0451169
0.0464438
0.0393767
0.0356419
0.0449095
0.030365
0.0395355
0.0362131
0.0335758
0.0283781
0.0375557
0.0329597
0.0284375
0.0289979
0.0277049
0.0265647
0.0256817
0.0227775
0.0241038
0.015058
0.0257498
0.0174063
0.0120192
0.0133343
0.00899572
0.0118958
0.00645342
0.00865474
0.004339
0.00112899
-0.00126334
-0.00668382
-0.00988166
-0.0160369
-0.0179431
-0.0172567
-0.0261946
-0.0266627
-0.0289966
-0.0303613
-0.0301547
-0.0332998
-0.0304475
-0.035865
-0.035189
-0.0338021
-0.0385629
-0.0399966
-0.0385866
-0.0402112
-0.0502239
-0.0448971
-0.0509824
-0.0462812
-0.0483584
-0.0470902
-0.0410892
-0.0435296
-0.0430947
-0.0431623
-0.0382507
-0.0408244
-0.0420767
-0.0386557
-0.0381235
-0.034753
-0.0393597
-0.0342503
-0.0365653
-0.0317868
-0.0298712
-0.0299361
-0.0289093
-0.0314198
-0.0269639
-0.0276483
-0.0283901
-0.0251859
-0.0245043
-0.0292258
-0.0246034
-0.0234549
-0.0245361
-0.0227978
-0.0215212
-0.0215123
-0.0243922
-0.014797
-0.0207602
-0.0174475
-0.0168828
-0.0138783
-0.0182442
-0.00916581
-0.0156562
-0.00911937
-0.00995281
-0.0053825
-0.00781261
-0.00876483
-0.00479231
-0.00318382
0
-0.00115975
0.0044667
0.00743232
0.00552382
0.0108235
0.00910481
0.0120444
0.0150304
0.0110912
0.0114957
0.0143661
0.0210145
0.0197374
0.0202585
0.0134795
0.0227456
0.0154778
0.0213721
0.0188383
0.0202742
0.0195767
0.0155724
0.0216644
0.020468
0.0159058
0.0182729
0.0134154
0.0154592
0.0165851
0.00716744
0.00596739
-0.000174519
0.00538687
-0.00538726
-0.00449276
-0.00304968
-0.0146323
-0.0205828
-0.00843526
-0.0180445
-0.0244437
-0.0265683
-0.0290906
-0.0246374
-0.0281711
-0.0374355
-0.0327661
-0.0385211
-0.0416128
-0.0446644
-0.0456999
-0.0438356
-0.0465162
-0.0431015
-0.0491518
-0.0543255
-0.0485288
-0.0539853
-0.0505122
-0.0450329
-0.0570094
-0.0475248
-0.0476543
-0.0507647
-0.0488575
-0.0461914
-0.0428674
-0.0462988
-0.0366113
-0.0427371
-0.0379472
-0.0359865
-0.0371325
-0.031926
-0.0277359
-0.0308443
-0.02726
-0.0265035
-0.0217566
-0.0200279
-0.0149067
-0.0069454
-0.0080745
-0.0094396
-0.00244363
0.00308926
0.00157491
0.00619356
0.0113606
0.00592998
0.0184507
0.0157658
0.02374
0.0225405
0.0257249
0.0235614
0.0246741
0.0270683
0.0289908
0.0276692
0.028234
0.0334093
0.0302781
0.0311067
0.0286073
0.0304833
0.0296861
0.036452
0.026453
0.0355952
0.0313517
0.0315695
0.029279
0.0295202
0.0346073
0.0277892
0.0320681
0.0284212
0.0277832
0.0280139
0.0267721
0.0256108
0.0216168
0.0247238
0.0259686
0.0198138
0.024732
0.0169543
0.0186077
0.0194748
0.0184239
0.0173763
0.0205618
0.0203349
0.0117282
0.017349
0.018476
0.0156257
0.0163813
0.0124355
0.0202642
0.021548
0.0152926
0.0259202
0.0269924
0.0223216
0.0255883
0.0220182
0.0265964
0.0205237
0.025626
0.0213851
0.0301594
0.0263909
0.0282153
0.0288626
0.0356396
0.0305919
0.0340657
0.0370357
0.0413048
0.0461138
0.0412587
0.0478448
0.0459897
0.0474211
0.045114
0.0541842
0.0498707
0.0449915
0.0536924
0.0487962
0.0540575
0.0505881
0.051971
0.0504978
0.0514665
0.0493925
0.0490513
0.0498452
0.0485579
0.0492825
0.0470043
0.0436902
0.0489942
0.0470213
0.046021
0.0464054
0.0414912
0.0450751
0.0442853
0.043175
0.0432692
0.0398731
0.0399594
0.0385285
0.0401178
0.0414712
0.0351813
0.0416017
0.0364522
0.040535
0.0326529
0.035938
0.0325494
0.0346706
0.0367633
0.0308571
0.0297781
0.0325828
0.0329238
0.0305643
0.0307878
0.0307252
0.0315784
0.0319381
0.0279491
0.02715
0.0294169
0.0240213
0.0282021
0.0230388
0.0201719
0.0147153
0.0193847
0.0189799
0.0172691
0.0172774
0.0199958
0.0160965
0.017123
0.0184948
0.0177533
0.0165884
0.019266
0.015322
0.0171932
0.0169044
0.0164825
0.0177145
0.015514
0.017504
0.0126152
0.0171333
0.0149555
0.014961
0.0142324
0.0143273
0.0172093
0.014887
0.0159422
0.0153902
0.0146882
0.0112135
0.00799893
0.0170101
0.00820217
0.0167154
0.0122316
0.0162113
0.0125487
0.013762
0.0145277
0.0116293
0.0145643
0.0099463
0.0148563
0.0103558
0.011942
0.0119339
0.012913
0.0084527
0.0159049
0.0135827
0.0125476
0.0106929
0.0137157
0.0125432
0.0165886
0.00956473
0.0162806
0.0149878
0.0179926
0.0148813
0.0129209
0.0154701
0.019884
0.0111049
0.0145167
0.012599
0.0125019
0.011154
0.012953
0.00844106
0.00788305
0.016064
0.00721217
0.00983991
0.00722469
0.011493
0.00842822
0.010026
0.0146488
0.0130045
0.0117219
0.0201497
0.0164933
0.0143037
0.0218057
0.0130071
0.0110905
0.0145827
0.0167368
0.0114573
0.018416
0.00955796
0.0142611
0.00993166
0.0215231
0.0134429
0.0206251
0.0172139
0.0170037
0.0164725
0.0184824
0.01015
0.0191927
0.0195163
0.0180187
0.0192212
0.00995363
0.0178129
0.0222382
0.0173148
0.00932614
0.0173544
0.0145489
0.0195492
0.0112708
0.017872
0.0114437
0.0132854
0.0147789
0.0177105
0.0139538
0.0211115
0.00977938
0.0161069
0.0160599
0.0176289
0.0114117
0.0166497
0.0108137
0.010996
0.0154441
0.00892874
0.0127182
0.0103018
0.013021
0.00801112
0.00968677
0.00692357
0.00846035
0.0115778
0.0126697
0.0151495
0.016769
0.0152538
0.0132687
0.0189727
0.0153154
0.0162573
0.015168
0.017264
0.0185484
0.0146716
0.0157889
0.0187401
0.0145676
0.0219143
0.0198606
0.0175662
0.0189889
0.0167235
0.0192809
0.0232371
0.0221224
0.0192376
0.0255203
0.0219839
0.0255486
0.0211367
0.0250767
0.0249775
0.0273875
0.0271112
0.0225847
0.028576
0.0288169
0.0364053
0.0301513
0.0376495
0.0350733
0.0364998
0.0427463
0.0435476
0.0419545
0.0392634
0.0472491
0.0444069
0.0488876
0.0389259
0.046335
0.0481733
0.0461899
0.0476484
0.0502464
0.0472462
0.0515576
0.0517856
0.0471225
0.0476793
0.0501579
0.0446011
0.0512847
0.0487564
0.0507303
0.0496221
0.0491477
0.0530503
0.0497699
0.0494645
0.0461186
0.0513291
0.0480563
0.0482373
0.0504405
0.0487527
0.04731
0.0512534
0.0473959
0.0491243
0.0481201
0.0462328
0.0473039
0.0498293
0.0463749
0.0468966
0.0452428
0.0489457
0.0436951
0.045373
0.0411799
0.0457406
0.0433653
0.0402528
0.0384385
0.0375748
0.0360635
0.0365124
0.0346311
0.0330408
0.0351101
0.028308
0.0285985
0.0275045
0.0270444
0.0246361
0.0175214
0.022489
0.0212251
0.0160751
0.0080395
0.0126267
0.00924705
0.00214299
0.00955712
0.000796276
0.00482268
-0.000765959
0.00578773
-0.000806722
0.0041541
0.00075869
0.00270091
0.000848057
-0.000219328
-0.00182396
0.000942832
-0.000618298
0.0016168
0.00291995
-0.00278085
-0.00255307
0.00101015
0.00341327
-0.00168992
-0.00209273
0.000765585
-0.0018147
0.00156246
0.00331783
0.000155654
0
0.0044663
-0.00313277
-0.00115981
0.00168881
0.00121542
0.000408297
0.00271463
0.0039143
0.00417011
0.00412189
0.00634771
0.00354143
0.00729338
0.00589851
0.011916
0.0120689
0.0125044
0.0147149
0.00800634
0.0187684
0.0124556
0.0190053
0.010724
0.0202314
0.0144659
0.0174069
0.0157223
0.0194025
0.0168526
0.018427
0.0179743
0.0147951
0.02639
0.0140486
0.02314
0.0150006
0.0222206
0.0160884
0.0188771
0.0223307
0.0152314
0.0233717
0.0152794
0.0186305
0.0211686
0.0142899
0.0211923
0.019598
0.0142444
0.0256653
0.0189073
0.0150048
0.0214592
0.0211813
0.0167135
0.0214941
0.0207455
0.0233372
0.0153306
0.0312028
0.0200034
0.0230385
0.0278695
0.0196491
0.024633
0.0269945
0.0210759
0.0242522
0.0272363
0.0216248
0.0193545
0.0224688
0.0224452
0.0176594
0.0190015
0.0191021
0.0144937
0.0115401
0.0117461
0.0105066
0.00526201
0.0134983
0.00699902
0.00471753
0.00826916
0.000857005
0.00919923
0.00522792
0.00211084
-0.00331929
0.00391559
0.00551574
-0.00225429
-0.00419221
0.00356623
-0.00479023
0.00224893
-0.0010944
0.000238686
-0.000146872
-0.00332018
0.00163401
-0.00193834
-0.00431474
0.00450511
-0.00474392
0.00306481
0.00518373
0.00847816
0.00512714
0.00975558
0.00901162
0.0107098
0.00996346
0.0161049
0.0148095
0.0149196
0.0176219
0.0160032
0.0205349
0.0193067
0.0201774
0.0208203
0.022402
0.0215187
0.0236826
0.0241873
0.0216207
0.0289998
0.0353751
0.0321445
0.0377162
0.0416227
0.0371666
0.04342
0.0417432
0.0533638
0.0451996
0.0478229
0.0484288
0.0477791
0.0512705
0.0511874
0.0498025
0.0556082
0.0481727
0.051133
0.052523
0.0504556
0.0508621
0.0537835
0.0517313
0.0522641
0.0480009
0.0499828
0.0503062
0.046504
0.0470435
0.0454603
0.0444306
0.0465929
0.0461184
0.0393954
0.0404221
0.039468
0.0357691
0.040809
0.0297876
0.0356523
0.0371904
0.0295195
0.0340355
0.0270191
0.0336591
0.0289014
0.0281612
0.0297241
0.0246198
0.0156894
0.0280933
0.0248577
0.0203539
0.0232128
0.0131362
0.0154129
0.0167078
0.0106834
0.010651
0.00628092
0.00717706
0.00173518
-0.000110255
-0.000803817
-0.00585559
-0.00222917
-0.00172478
-0.00849583
-0.00365574
-0.00578849
-0.00653608
-0.0110027
-0.00912925
-0.0124766
-0.0143317
-0.0107866
-0.0173073
-0.0115023
-0.0195447
-0.0227511
-0.0178809
-0.0164239
-0.021185
-0.0170319
-0.0188362
-0.0189727
-0.0174848
-0.0183217
-0.0171989
-0.0175724
-0.0183692
-0.0191035
-0.0156409
-0.00982316
-0.0149196
-0.0109996
-0.0123569
-0.0103074
-0.0029507
-0.00740665
-0.00179621
0.0018167
0
0.000727407
0.00331909
0.00303355
0.0094524
0.00617127
0.00934738
0.0113454
0.0138315
0.0160128
0.0188269
0.0170503
0.0174898
0.0215908
0.0181796
0.0202341
0.020573
0.0245719
0.0197975
0.0200611
0.0261439
0.0226899
0.0259895
0.0189552
0.0248778
0.0221615
0.0231688
0.0192707
0.0228406
0.0206782
0.0301765
0.0212822
0.0251092
0.0207986
0.0203016
0.0227849
0.0204225
0.0177118
0.0157209
0.013897
0.0146803
0.0121206
0.00942302
0.0114884
0.00630613
0.00261777
0.00622532
-0.00440176
0.00236665
-0.00386121
0.000914816
-0.00767609
-0.0042335
-0.00632787
-0.00872025
-0.00792098
-0.00642021
-0.0117915
-0.00726986
-0.014967
-0.0126227
-0.00968742
-0.0135372
-0.0123161
-0.0114808
-0.0110964
-0.0125359
-0.0067072
-0.0113954
-0.00905552
-0.00622541
-0.00219527
-0.000143292
0.00094542
0.0073804
0.00459436
0.0123896
0.00919759
0.0142952
0.0104764
0.0159738
0.0103935
0.0167175
0.0146148
0.0155708
0.0168731
0.0157559
0.0166936
0.0185271
0.0192308
0.0194182
0.0211199
0.017875
0.0204724
0.0262206
0.0211571
0.0303459
0.0306219
0.0315304
0.0292899
0.0291021
0.03027
0.0276641
0.0293204
0.0303476
0.0276118
0.0307049
0.0258359
0.0235347
0.0221606
0.026492
0.0179299
0.0201222
0.0160535
0.0146105
0.0155191
0.0155046
0.0122091
0.011326
0.0113861
0.0102175
0.00681354
0.0061324
0.00686606
0.00338992
0.00812946
0.00562435
0.00480788
0.000599027
0.00198651
0.00471979
0.00370201
0.00352989
0.00474359
0.00368648
0.00200637
0.00343278
0.00204941
0
0.00322007
0.00173106
0.00251371
0.00238089
0.0028874
0.00581803
0.00186718
0.00161175
0.00513545
0.00339109
0
0.00780874
0.000447022
0.00767084
0.000790937
0.00234843
0.00369036
0.00242555
0.00505004
0.00467535
0.00368554
0.0100942
0.00628924
0.0114642
0.0135082
0.0134978
0.0138929
0.0211069
0.0166188
0.0201068
0.0243793
0.0317713
0.0248874
0.0270585
0.0321175
0.029821
0.0345789
0.0344256
0.031747
0.0362505
0.0364497
0.0346166
0.0348055
0.0380287
0.0361934
0.0420141
0.039173
0.0424136
0.0383045
0.0441087
0.0479153
0.0442664
0.0448473
0.0437092
0.0502782
0.0457455
0.0421193
0.0420745
0.0535608
0.0380533
0.0392723
0.0409792
0.0457256
0.040369
0.0379525
0.0469998
0.0371922
0.0393917
0.0375745
0.0410203
0.0372002
0.0413501
0.0366312
0.0396222
0.036915
0.0316422
0.0391502
0.0319191
0.0354734
0.0294597
0.0334689
0.0274749
0.0317937
0.0314494
0.0283088
0.027153
0.0270749
0.0273121
0.0238451
0.0241349
0.0208419
0.0220218
0.0143275
0.0197479
0.0142218
0.0137704
0.0137251
0.0128959
0.00959331
0.00733241
0.0124577
0.0105464
0.00986967
0.00240133
0.00600443
0.00237269
0.0062253
-0.0013601
0.00149561
0.000361155
-0.000103496
-0.00363205
-0.00363221
-0.00249859
-0.00459435
-0.00718378
-0.00705273
-0.0110993
-0.0101505
-0.0133915
-0.0102431
-0.011882
-0.0166738
-0.0177415
-0.0155714
-0.0163332
-0.0214812
-0.0203032
-0.0176278
-0.0258617
-0.0197671
-0.0239664
-0.0196211
-0.0241238
-0.0255443
-0.0178189
-0.0228545
-0.0231867
-0.0175221
-0.016949
-0.0167012
-0.0174412
-0.0156383
-0.0182314
-0.0128473
-0.0191314
-0.0139964
-0.0158454
-0.0156165
-0.011546
-0.0152282
-0.0140878
-0.0139461
-0.0101158
-0.00969275
-0.0127423
-0.0115353
-0.0105013
-0.0132146
-0.0111391
-0.00769275
-0.00884793
-0.007273
-0.0016807
-0.00868744
-0.0031948
-0.00465995
-0.00524023
-0.00478325
-0.0043489
-0.00346997
-0.00211371
-0.00151833
0.00268652
-0.0021366
0.00403814
0.00283172
0.00502273
0.00952743
0.015201
0.0129421
0.0181091
0.0217855
0.013928
0.0265717
0.0232593
0.0199328
0.0302397
0.0289545
0.0286639
0.0311011
0.0241514
0.0307675
0.0337664
0.0276173
0.0314755
0.0326965
0.0344718
0.0369506
0.0366845
0.0390726
0.0350543
0.0380063
0.0421828
0.0356782
0.0377828
0.0392413
0.0366071
0.0421566
0.0366081
0.0425693
0.0432825
0.0406358
0.0468688
0.0449248
0.046718
0.0465461
0.0417825
0.052435
0.0438455
0.0496523
0.0551451
0.0430251
0.0488584
0.0426733
0.0521702
0.0489968
0.0481
0.0497066
0.0433961
0.047375
0.0464072
0.0480937
0.0424768
0.043714
0.0439954
0.0423905
0.039295
0.0399263
0.0415477
0.0377159
0.035102
0.0385662
0.035531
0.0282769
0.0317875
0.0266474
0.0279817
0.0256217
0.025532
0.0276836
0.0223215
0.0246694
0.0203313
0.0222666
0.0170933
0.017093
0.0186577
0.0166454
0.0158992
0.0137395
0.014871
0.0165172
0.0132343
0.012412
0.0132513
0.00841592
0.013058
0.0125122
0.00822267
0.0071534
0.0110893
0.00805885
0.0068916
0.00633549
0.00704179
0.00663126
0.00364288
0.00617956
0.00674521
0.00840109
0.00973024
0.000876323
0.00921637
0.00300845
0.00365994
0.00636383
0.00230419
0.00616332
0.00705667
0.00232461
0.00152928
0.00117716
-0.00296662
0.00222675
-0.00233141
-0.00465292
-0.00427289
-0.00102605
-0.00771958
-0.00422079
-0.00502067
-0.00452454
-0.00357969
-0.0071586
-0.0029339
-0.00584063
-0.00646625
-0.00744348
-0.0104144
-0.00463741
-0.00520576
-0.00856673
-0.00369249
-0.000610083
-0.00707162
-0.000439067
0.000786927
-0.000584489
-0.00647729
-0.000554262
0.000602225
0.00167199
-0.000822301
-0.00109428
-0.000812372
-0.00124957
-0.000867533
-0.00364878
0.00225411
-0.00287516
-0.000663527
-0.00304218
0.0018114
-0.00365431
0.00170224
-0.00422886
-0.00195945
0.00160487
-0.000665641
-0.00423088
0.00514471
-0.00312162
0.00209653
-0.00282504
0.00400338
-0.00090839
0.00176424
0.00137343
0.00152267
0.000748436
0.00648101
0.00155092
0.00356907
0.0020383
0.00375265
0.00246795
0.00651926
0.00389585
0.00433725
0.00419616
0.00685344
0.00525172
0.00517783
0.00618294
0.00692604
0.00652584
0.00656606
0.00887415
0.0100372
0.0108975
0.00532189
0.00793587
0.0122685
0.0123998
0.0114857
0.0109028
0.0114567
0.0181733
0.0155007
0.0165409
0.0174369
0.0185388
0.0226618
0.0269635
0.0217912
0.0287958
0.026783
0.0335399
0.0317739
0.0356016
0.0376399
0.0399047
0.0390404
0.0443569
0.0420648
0.0456079
0.0487229
0.0532991
0.0488195
0.0508174
0.0554576
0.0531136
0.055847
0.0569243
0.0531937
0.0594986
0.0568249
0.0596884
0.0577757
0.0592997
0.0566852
0.0625612
0.0573842
0.0590329
0.0599023
0.0589711
0.0574956
0.05705
0.059067
0.0576136
0.0569035
0.0578017
0.0560103
0.0570671
0.0559704
0.0575632
0.0565881
0.0532462
0.0583657
0.0528794
0.0548407
0.0562206
0.0470219
0.0532396
0.0542033
0.0514989
0.0507216
0.0494739
0.0500167
0.0490224
0.0471227
0.040947
0.0430955
0.039345
0.0372853
0.0309528
0.0288807
0.0263423
0.0229022
0.021105
0.00561776
0.0042679
0.00392057
-0.00858641
-0.00676011
-0.00786653
-0.012846
-0.0145188
-0.0145778
-0.0197791
-0.02011
-0.0262687
-0.0237263
-0.0281854
-0.0330306
-0.0328797
-0.0296929
-0.0399078
-0.0353721
-0.0414114
-0.0383014
-0.0397742
-0.0413151
-0.0399013
-0.0420772
-0.0404199
-0.0435659
-0.0463632
-0.0403964
-0.0453232
-0.0400453
-0.0438276
-0.0440422
-0.039595
-0.0418538
-0.0414598
-0.0405601
-0.0421634
-0.0436583
-0.0409643
-0.0458633
-0.0421722
-0.045381
-0.0426052
-0.0446388
-0.0418249
-0.0470335
-0.0446486
-0.0427461
-0.040957
-0.0381675
-0.0401534
-0.0393877
-0.037212
-0.0333434
-0.0362287
-0.0305784
-0.0316916
-0.0320684
-0.025202
-0.025516
-0.0230048
-0.0220676
-0.0158415
-0.0137971
-0.00581754
-0.00979339
0.00201593
0.00107538
0.00590387
0.00821735
0.00986415
0.0100219
0.011095
0.0154799
0.017451
0.0161324
0.0189917
0.0223647
0.0226944
0.0243373
0.0279446
0.0249627
0.0313782
0.0319981
0.0362047
0.03341
0.0363706
0.0385441
0.0400788
0.0399674
0.0408053
0.0423795
0.0432369
0.0447686
0.0446859
0.0451372
0.0453111
0.0469564
0.0446493
0.0491312
0.047623
0.0502373
0.0490618
0.0480887
0.0492729
0.0521597
0.0478293
0.0525354
0.0509933
0.054274
0.0488553
0.054632
0.0567143
0.0548995
0.0552476
0.0550417
0.0526536
0.0573787
0.0548958
0.0584954
0.0554761
0.0535686
0.0604067
0.0477569
0.0564573
0.0605879
0.0509129
0.0569701
0.0550446
0.0566749
0.0540043
0.0542054
0.054912
0.0497744
0.0504465
0.050287
0.0466682
0.044488
0.0458294
0.0413681
0.0432546
0.0410898
0.0394818
0.0390351
0.0370595
0.0369826
0.0368262
0.0340945
0.0324165
0.0321979
0.0309344
0.0310031
0.025409
0.0298195
0.0279923
0.0260557
0.0258914
0.0243708
0.0214136
0.0223889
0.0239787
0.0186828
0.0213561
0.0171759
0.0152493
0.0150573
0.0137864
0.0132068
0.0111795
0.00425535
0.00669883
0.00560949
0.000125761
-0.00151802
-0.0040517
-0.00577796
-0.0055683
-0.014181
-0.0202592
-0.0209578
-0.0239247
-0.0252452
-0.0324771
-0.0296786
-0.0343129
-0.03827
-0.0386983
-0.0460082
-0.0455283
-0.0531915
-0.0483199
-0.0492239
-0.0607788
-0.0508995
-0.056439
-0.0565144
-0.0561665
-0.0631537
-0.0636969
-0.0558817
-0.0616575
-0.0633377
-0.0648544
-0.0607675
-0.0587014
-0.0636918
-0.0545218
-0.0567112
-0.0577837
-0.0603125
-0.0546991
-0.0527671
-0.0542243
-0.0549427
-0.050024
-0.0500741
-0.0484822
-0.0459048
-0.0408837
-0.0416146
-0.0341611
-0.034551
-0.0343995
-0.02719
-0.0258956
-0.0233406
-0.0205752
-0.016217
-0.0111278
-0.00766833
0.00175272
0.000305237
0.0136337
0.0172286
0.0229578
0.0219463
0.0296388
0.0308756
0.0321357
0.0306817
0.0363143
0.0382914
0.0380813
0.0429844
0.0433815
0.0445569
0.0465686
0.0474335
0.0496156
0.0534443
0.0508611
0.0567196
0.0578633
0.0575692
0.0586858
0.0569283
0.0571167
0.0646797
0.0719206
0.062595
0.0731224
0.0670453
0.0745791
0.0795915
0.0698816
0.0775338
0.0772368
0.0810036
0.0760065
0.0785052
0.0799533
0.0782207
0.0787619
0.0764412
0.0821945
0.0720024
0.0758401
0.0757009
0.0761497
0.0763265
0.0704039
0.0670911
0.0675092
0.0679704
0.0678205
0.0584792
0.0567831
0.0545132
0.0558242
0.0571524
0.0479455
0.0471189
0.04106
0.042471
0.0388808
0.041007
0.0342884
0.0345463
0.0373583
0.0265426
0.030344
0.0289816
0.022427
0.0245881
0.0155772
0.0244291
0.0174497
0.0147617
0.0132119
0.0188513
0.0026939
0.00618663
0.00828557
-0.000387776
0.00104775
0.00313565
0.00262678
0.00385837
0.00156849
-0.000500455
-0.000581799
-0.00582794
-0.00287945
-0.00421211
-0.00486576
-0.00606013
-0.00807563
-0.0105667
-0.00973353
-0.0113206
-0.013223
-0.0161482
-0.0138151
-0.0174927
-0.0256666
-0.0212992
-0.0266865
-0.0268471
-0.0258444
-0.0324639
-0.0256035
-0.03179
-0.0301253
-0.0275373
-0.0252532
-0.0287563
-0.0277443
-0.0292968
-0.0243874
-0.0270292
-0.0285759
-0.0237291
-0.0273205
-0.0305488
-0.0256887
-0.0249143
-0.0238219
-0.0262661
-0.0208226
-0.0239309
-0.0174799
-0.0198526
-0.0210296
-0.0158114
-0.0139566
-0.0170221
-0.0116052
-0.00981086
-0.0133972
-0.00740754
-0.00883798
-0.00447151
-0.00731464
-0.00345096
-0.00298507
-0.00158389
-0.00191753
-0.0027204
-0.0032757
0.000632054
0.00188592
0
-0.00116314
0.00342995
0.00288184
0.00219827
-0.000306943
0.0034826
0.00342154
0.00734323
0.00346711
0.00361549
0.00624542
0.00799739
0.00474531
0.0078631
0.00863302
0.00606803
0.0109986
0.011698
0.0100488
0.0119338
0.0143158
0.0120241
0.0131898
0.0200152
0.0162591
0.02172
0.0170408
0.0240347
0.0206479
0.0275059
0.0285892
0.0317081
0.0317809
0.0310055
0.0354579
0.0359068
0.0340894
0.0366878
0.0384061
0.0353818
0.0380624
0.0376321
0.0383058
0.0380968
0.0359535
0.036857
0.0341186
0.0296811
0.0351524
0.0312575
0.0322023
0.0298799
0.0284722
0.0233655
0.0293293
0.0235321
0.0258276
0.0197188
0.0240081
0.0215786
0.0208712
0.0231524
0.0234178
0.0180425
0.0213959
0.020144
0.0191396
0.0202087
0.0181327
0.0180163
0.0186543
0.0204087
0.0170967
0.019788
0.0131402
0.0170941
0.0194107
0.0202308
0.0161759
0.018648
0.0176991
0.017196
0.0202025
0.0198751
0.0170534
0.0202662
0.020483
0.0183412
0.0219712
0.0147564
0.0203818
0.0195746
0.0191683
0.0173381
0.0196955
0.0194222
0.0186656
0.0170435
0.0198005
0.0179274
0.0166833
0.0173722
0.0194657
0.018512
0.0159041
0.0181945
0.0173413
0.016231
0.0198537
0.0164887
0.0131617
0.0171595
0.0127962
0.0119896
0.0146797
0.0144113
0.00929981
0.0111885
0.0151055
0.0140685
0.0136098
0.00860135
0.0132155
0.0148674
0.0115711
0.0126079
0.00910152
0.0130216
0.0108498
0.0113962
0.0118474
0.0127191
0.00980471
0.00661889
0.00863954
0.00786885
0.00568734
0.00219346
-0.0010297
-0.000610782
-0.00131402
-0.00323196
-0.000804177
-0.00256374
-0.00942374
-0.00698408
-0.00582354
-0.00727695
-0.00395311
-0.0109392
-0.00971217
-0.0125122
-0.0134488
-0.0159486
-0.0136143
-0.0166069
-0.0182496
-0.0197307
-0.0184376
-0.0178539
-0.0173011
-0.0194366
-0.022675
-0.0181885
-0.0224998
-0.0196019
-0.0214401
-0.020396
-0.0213078
-0.0180426
-0.0220233
-0.0186935
-0.0209869
-0.0173896
-0.0180931
-0.0215846
-0.0157774
-0.0179116
-0.0185199
-0.0179089
-0.014964
-0.0146582
-0.0181366
-0.00835445
-0.0128167
-0.0120764
-0.00943313
-0.00952562
-0.00522724
-0.00301993
-0.00670397
-0.00246509
-0.000728806
0.00323732
0.00019871
0.00525926
0.00648722
0.00682488
0.0178862
0.0155987
0.0174626
0.0210847
0.026361
0.0294585
0.0292577
0.0278587
0.0312313
0.0288518
0.0338735
0.0327824
0.0299826
0.0360463
0.035382
0.0337574
0.0357403
0.0386277
0.036514
0.0364855
0.0424079
0.0414955
0.0381386
0.041393
0.0427197
0.0460702
0.0427976
0.0532488
0.0491172
0.0606926
0.054326
0.0510736
0.06133
0.0570791
0.0612631
0.0571653
0.0581171
0.0614974
0.0611764
0.0556279
0.062531
0.0579495
0.0629617
0.066109
0.058293
0.0588248
0.0634596
0.057409
0.0574606
0.0611668
0.0567637
0.0595406
0.0520884
0.0542348
0.0517004
0.0487555
0.05107
0.0455195
0.0417066
0.0454912
0.0416509
0.0392367
0.0370742
0.035753
0.033964
0.0332969
0.0300523
0.0276209
0.0234893
0.0260928
0.0217396
0.0155841
0.0108625
0.0152388
0.00893041
0.0011956
0.00149633
-0.000552808
-0.00197279
-0.000300362
-0.00192066
-0.00343514
-0.00886504
-0.00791352
-0.00986329
-0.0101775
-0.0108612
-0.0133691
-0.0136243
-0.0225457
-0.0227963
-0.0263723
-0.019423
-0.0255718
-0.0308777
-0.0270087
-0.0274632
-0.028049
-0.0324564
-0.033804
-0.0297047
-0.0284036
-0.0323132
-0.0358663
-0.0323962
-0.0375089
-0.0364831
-0.0374476
-0.0353252
-0.0380844
-0.0348814
-0.0378926
-0.0375174
-0.034231
-0.0371962
-0.0364376
-0.0370943
-0.0327699
-0.0374946
-0.0355808
-0.0347927
-0.0357288
-0.0325368
-0.0360668
-0.0355011
-0.0317701
-0.0334597
-0.0302534
-0.0343839
-0.0310419
-0.0364122
-0.027293
-0.0309617
-0.0284425
-0.0303813
-0.0263352
-0.0300438
-0.021975
-0.0281844
-0.0258233
-0.0244449
-0.0253021
-0.0217578
-0.0234794
-0.0206604
-0.0223762
-0.0201919
-0.0188316
-0.0206659
-0.0190155
-0.0190182
-0.0135019
-0.0124382
-0.0130329
-0.0111372
-0.0128792
-0.0022443
-0.00448967
-0.00822534
0.00169776
-0.00116404
0.00761088
0.00359227
0.00331677
0.0129361
0.012211
0.014236
0.0159482
0.0162989
0.0159412
0.0161877
0.0181637
0.0164609
0.0212273
0.0186399
0.0214092
0.0218219
0.0196864
0.0234105
0.0206212
0.0236322
0.0230165
0.0262358
0.0218661
0.0269569
0.0256095
0.0261119
0.0308377
0.0291133
0.0285703
0.0285118
0.0335019
0.030098
0.0344724
0.0316665
0.0329108
0.0364789
0.0353387
0.034648
0.0458057
0.0361766
0.0471293
0.0426983
0.0463471
0.0452922
0.0499097
0.0498409
0.0486549
0.0482057
0.0481209
0.047324
0.0460149
0.0405535
0.0481647
0.0457012
0.040339
0.0395098
0.0403895
0.0394951
0.0397785
0.0344885
0.0387491
0.0285929
0.0385518
0.0294814
0.0328576
0.0285327
0.0342636
0.0230685
0.0305656
0.0285853
0.0246459
0.0250983
0.0195684
0.0207114
0.0260609
0.0154862
0.0190738
0.0211916
0.0133203
0.0139728
0.0111443
0.0123554
0.0107697
0.0124926
0.00808438
0.00830773
0.00440022
0.00670927
0.00239995
0.00311761
0.00111629
-0.00278607
0
-0.00744916
-0.0156637
-0.0089349
-0.0193536
-0.0208545
-0.0260829
-0.027686
-0.0286629
-0.0317912
-0.0319129
-0.0374922
-0.0352502
-0.0397224
-0.0441786
-0.0443875
-0.0451129
-0.0495878
-0.0482241
-0.0537864
-0.0525996
-0.0524927
-0.0528832
-0.0596606
-0.0503599
-0.0552624
-0.052123
-0.0531946
-0.0507393
-0.0541524
-0.0503606
-0.0484638
-0.0467467
-0.0491364
-0.046506
-0.0417716
-0.039006
-0.0426841
-0.0353572
-0.0350322
-0.036077
-0.0315246
-0.0304778
-0.0297587
-0.0274616
-0.0262082
-0.0220229
-0.024106
-0.0217426
-0.019947
-0.0165707
-0.012289
-0.0133181
-0.00802746
-0.0128857
-0.00483774
-0.00672439
-0.00449663
-0.00124875
0.00218588
0.00183108
0.00347618
0.00850876
0.011973
0.0179056
0.0149587
0.017853
0.0248522
0.0257876
0.0283046
0.0258425
0.0292239
0.0290316
0.0304594
0.0294675
0.0336806
0.0322319
0.0337384
0.0302692
0.0295219
0.0364771
0.0322403
0.0327336
0.0336972
0.0333776
0.036525
0.0318412
0.0382015
0.0318348
0.0321549
0.0348682
0.0310463
0.0323787
0.0310563
0.0287666
0.0286034
0.0291281
0.025948
0.0251284
0.025859
0.0262781
0.0233371
0.0211199
0.0301808
0.0244307
0.028875
0.0231895
0.0208417
0.0251458
0.0221221
0.0228336
0.0225532
0.0152099
0.0197695
0.0187822
0.0123971
0.0209942
0.016329
0.0105184
0.0148941
0.0176111
0.0122404
0.0106836
0.00655574
0.0172686
0.0107095
0.00869129
0.00148035
0.011522
0.00780644
0.00697097
0.0118677
0.00758454
0.00570224
0.0100721
0.00906817
0.00726067
0.00988738
0.00921576
0.00730726
0.00864687
0.00896746
0.00448368
0.0105465
0.00373446
0.0055731
0.00692484
0.00349691
0.0065889
0.00574797
0.00381863
0
0.00677965
0.00112633
-0.000229834
-0.000206052
-0.000666086
-0.000975283
-0.0025142
-0.00124515
-0.0125333
-0.00352961
-0.0106688
-0.00838105
-0.013262
-0.0117629
-0.0134428
-0.00695261
-0.0134126
-0.0110407
-0.0171301
-0.0119524
-0.0123591
-0.0140765
-0.0187172
-0.0127929
-0.0142686
-0.0162592
-0.00930921
-0.0148913
-0.0126072
-0.0152492
-0.0130062
-0.0113062
-0.0191355
-0.0116474
-0.0128299
-0.0115735
-0.0131016
-0.0115114
-0.0114799
-0.00997393
-0.0114267
-0.00974094
-0.00691378
-0.0112351
-0.00813623
-0.00445994
-0.00962102
-0.00703422
-0.00275993
-0.0107613
-0.00241734
-0.00874157
-0.00755444
-0.00242686
-0.00334796
-0.00439743
-0.0051499
-0.00430252
0.00220428
-0.00462024
-0.00692558
0.000315654
-0.00536567
-0.000234617
0.000442202
-0.00301828
-0.000329686
-0.00117946
-0.000319032
0.000214085
0.00476359
-0.000326994
0.00237952
0.00293574
0.00837078
0.00240185
0.00573279
0.0122017
0.00828057
0.00646066
0.00820265
0.00901434
0.0064622
0.00839185
0.00731364
0.00985459
0.00965204
0.00495318
0.00737221
0.00255499
0.00790421
0.00224321
0.00709658
0.00273001
0.00472247
-0.000774719
0.00419581
-0.000603571
0.00168404
0.00114837
-0.00231417
-0.00222103
-0.000394027
0.000973709
-0.00396647
-0.00337355
-0.00437813
-0.00499705
-0.00417745
-0.00539391
-0.00388468
-0.00339523
-0.0071942
-0.00172983
-0.00427113
-0.00540013
-0.00319708
-0.00623473
-0.000630244
-0.000783314
-0.00236782
-0.000853063
0.000835014
0.000187768
0
-0.00225707
0.0016771
-0.000122408
0.00292839
0.000163689
0.00322123
-0.000477429
0.00443786
-0.000532557
0.00427084
0.00490775
0.00296973
0.00302018
0.00475779
0.00645492
0.00629862
0.00466711
0.00836702
0.00715238
0.00703839
0.013143
0.00906511
0.00998661
0.011123
0.0146486
0.0144971
0.0136108
0.0159082
0.0144121
0.0172091
0.016
0.0208928
0.0201134
0.0182029
0.0218232
0.0175298
0.0177587
0.0183988
0.0214834
0.0125793
0.0165933
0.0185208
0.0151435
0.0167835
0.0193861
0.0126181
0.0204391
0.011634
0.0139833
0.0183172
0.0115325
0.00913297
0.016116
0.0104574
0.0115185
0.00953749
0.0118822
0.00713076
0.00914151
0.00820319
0.00448338
0.00724783
0.00525139
0.00479142
0.00217885
0.00680476
0.00268391
0.00410451
0
0.00538802
0.00280928
0.00582152
0.00484031
0.00400847
0.00551829
0.000957242
0.00586695
0
0.00347315
0.00156794
0.00498217
-0.00151419
0.000932141
-0.000404961
0.00237298
0.00302024
-0.00410914
-0.000220176
-0.00294629
-0.00196444
-0.00409026
-0.00482994
-0.00465179
-0.00761647
-0.00305188
-0.00886937
-0.0104061
-0.00669091
-0.0134269
-0.00833819
-0.00804233
-0.0126203
-0.006778
-0.0166137
-0.00733031
-0.0163446
-0.00982189
-0.0151523
-0.00858027
-0.0148514
-0.0116036
-0.0116139
-0.0144422
-0.00836104
-0.0156138
-0.0091783
-0.00561811
-0.00995615
-0.0137383
-0.00605274
-0.00718013
-0.0034557
-0.00480813
-0.000898728
-0.0028339
-0.000191824
-0.00219354
0.000237454
-0.00305707
0.000404205
-0.00293324
-0.000194065
-0.00316908
-0.00673196
-0.00303393
-0.00470097
0.00229594
-0.00646185
-0.00357489
-0.00149006
-0.00297889
-0.00712445
-0.0049749
-0.00154399
-0.00154553
0.000650853
0.000772208
-0.00204956
-0.00196681
-0.00105226
0.00122955
0.00359187
-0.00228114
0.000841228
-0.00014955
0.00399997
0.00234012
0.00559368
0.00530544
0.000534208
0.00608078
0.0083639
0.00802346
0.00977983
0.0100786
0.0049422
0.0140518
0.0104882
0.0130484
0.0110619
0.0116073
0.0168558
0.011218
0.0134816
0.0171056
0.0121706
0.0139521
0.00901744
0.0138837
0.0107785
0.0123143
0.0114752
0.00755587
0.0113696
0.0059954
0.00891791
0.00415663
0.00385422
0.00431194
0.00532285
0.0025831
0.00555673
-0.00163236
0.00245264
0.00117291
0.00106549
-0.00558623
0.0028117
-0.00355287
-0.00352229
-0.00561427
-0.00292702
-0.00265208
-0.00884763
-0.00629453
-0.005439
-0.00893743
-0.000808242
-0.00992255
-0.00249366
-0.00873027
-0.00439811
-0.0104591
-0.00703079
-0.00760287
-0.00243858
-0.00793289
-0.00384073
-0.00730864
-0.00592037
-0.00670764
-0.0027612
-0.00598105
-0.00738167
-0.00516346
0.000309105
-0.00514379
-0.00676535
-0.00573519
-0.00193863
-0.00437454
-0.00300068
-0.00429962
-0.00280287
-0.00263334
-0.00151758
-0.0020881
0.00206124
-0.00302939
-0.00258309
-0.000662232
-0.0018717
-0.00301777
0.00168654
-0.00509687
-0.00217575
-0.00268887
-0.00413359
-0.00483132
-0.00310343
0
-0.00553033
-0.00292463
-0.0039121
-0.00365855
-0.000945682
-0.00399363
-0.00210347
-0.00188729
-0.00611353
-0.0014844
-0.00564108
-0.00287496
-0.00359438
-0.00316473
-0.00355973
-0.00367162
-0.000622196
-0.00405091
-0.00338707
-0.00354302
-0.00135477
-0.00816062
-0.00314746
-0.00027222
-0.00314834
-0.00209968
-0.00264306
-0.00216872
-0.00183685
-0.00117249
-0.00218886
-0.000930109
-0.00423505
0.00104821
-0.000197523
-0.00112596
-0.000701679
-0.000878842
-0.00193834
0.00105988
0.00264826
0.000964034
0
0.00380949
0.00251017
0.00284701
0.00865658
0.00197311
0.00429027
0.00977822
0.00884171
0.00921997
0.0117614
0.00854104
0.0162929
0.00981382
0.0165774
0.0141004
0.0155434
0.01862
0.0118895
0.0202001
0.0178374
0.0138988
0.0154912
0.0154731
0.0132286
0.0146644
0.01181
0.0167597
0.010224
0.0108579
0.00975804
0.0123716
0.0102615
0.00760572
0.00925257
0.00462232
0.00902098
0.00406496
0.00402436
0.0027474
0.00208271
-0.000414042
-0.00260872
0.00116948
-0.00511161
-0.00545547
-0.00452135
0.000951099
-0.00586384
-0.00603321
-0.0072965
-0.00562483
-0.011529
-0.0105578
-0.00897526
-0.0126674
-0.0170975
-0.0141595
-0.0160384
-0.0116624
-0.019669
-0.0165126
-0.0123556
-0.0171795
-0.017938
-0.0164401
-0.0220735
-0.0146516
-0.0198001
-0.023858
-0.0231306
-0.0203573
-0.026207
-0.0253055
-0.0302363
-0.0250468
-0.0287349
-0.0248979
-0.0262315
-0.0294036
-0.0307674
-0.0264645
-0.0330693
-0.0301262
-0.0283806
-0.0292062
-0.0298798
-0.030853
-0.0302524
-0.0293995
-0.0298759
-0.0268328
-0.0267637
-0.0300381
-0.0264228
-0.0211105
-0.025705
-0.0207423
-0.0212266
-0.0192788
-0.0195951
-0.0164246
-0.0180321
-0.0160192
-0.0157161
-0.0143601
-0.0110021
-0.00986648
-0.00992808
-0.00775192
-0.00784041
-0.00589795
-0.00147956
-0.00189785
0.000167876
-0.00209058
0.00121411
0.00476606
0.00317825
0.0088538
0.00908024
0.0106248
0.0113524
0.0119289
0.0181005
0.0173722
0.0189528
0.0227223
0.026823
0.0259554
0.033442
0.031936
0.0328992
0.0349875
0.0393377
0.0412788
0.0450471
0.0430672
0.0471679
0.0442128
0.0512056
0.0503081
0.0416366
0.050311
0.0527256
0.0501626
0.0543489
0.0538613
0.0498533
0.0498871
0.04985
0.0469084
0.0479617
0.0560798
0.047054
0.0496305
0.0478194
0.0471986
0.0482607
0.0477184
0.0427932
0.0455539
0.0404251
0.0297035
0.0299968
0.0269916
0.0251817
0.0227537
0.0226221
0.0143199
0.0142679
0.0113631
0.0123017
0.00585728
0.00717657
-0.000778549
0
-0.00629423
-0.00449325
-0.00794131
-0.013222
-0.0145911
-0.0218118
-0.0199102
-0.0253904
-0.0244824
-0.0290967
-0.0316449
-0.0334611
-0.0363781
-0.0361767
-0.0440695
-0.0378603
-0.0441357
-0.0439283
-0.0488113
-0.0478546
-0.047697
-0.0469353
-0.0549335
-0.0518034
-0.0520164
-0.0514458
-0.0555429
-0.052569
-0.053062
-0.0516891
-0.0501481
-0.0568268
-0.0515267
-0.0525572
-0.0546039
-0.0524389
-0.0515397
-0.0527479
-0.0511726
-0.0504747
-0.0520987
-0.0485684
-0.0506663
-0.0488145
-0.0481017
-0.0469373
-0.0464953
-0.0461281
-0.0480083
-0.0424749
-0.044095
-0.0427816
-0.0449496
-0.0395515
-0.0383593
-0.0439304
-0.0369475
-0.035586
-0.0343179
-0.0302281
-0.028849
-0.0271192
-0.0261231
-0.0198842
-0.0223723
-0.0167295
-0.0193817
-0.0109648
-0.0158144
-0.0110087
-0.00107019
-0.00609314
-0.00366269
-0.00244807
0.00434688
0.00666728
0.0104404
0.0111938
0.0123303
0.0172744
0.0134481
0.0171479
0.0180493
0.0206257
0.0179212
0.0233376
0.0234181
0.0249014
0.0274072
0.0232521
0.0268269
0.0275823
0.027931
0.031171
0.0329787
0.0316123
0.033493
0.0306677
0.0359804
0.0337283
0.0328649
0.0339758
0.0358549
0.0364976
0.0394765
0.0330689
0.0373184
0.0366613
0.037911
0.0306045
0.0385628
0.0356065
0.0352719
0.0380343
0.0371965
0.0321464
0.0372833
0.0325761
0.0372457
0.0309319
0.0367049
0.0331645
0.0316713
0.0313577
0.0347194
0.0333496
0.0298497
0.0305307
0.0261979
0.0208071
0.0113715
0.0226982
0.0116772
0.0154013
0.0107433
0.0122395
0.0091644
0.00260155
0.00106095
0.000672099
-0.00443062
-0.00267778
-0.00649469
-0.0100817
-0.0157016
-0.0145955
-0.0151865
-0.0205473
-0.0184303
-0.0247874
-0.0261403
-0.0197132
-0.0349308
-0.0335801
-0.0337919
-0.0340145
-0.0419788
-0.0343764
-0.0391959
-0.0412572
-0.0407095
-0.0441459
-0.0408549
-0.048025
-0.046426
-0.044903
-0.0432935
-0.046121
-0.0451856
-0.0456899
-0.0460735
-0.0422166
-0.0479073
-0.0427897
-0.0460113
-0.041332
-0.0433212
-0.0436614
-0.0434704
-0.0397217
-0.0427715
-0.0398504
-0.0393534
-0.0424349
-0.0388074
-0.0361139
-0.0382723
-0.0374394
-0.0359018
-0.035082
-0.0367227
-0.0321219
-0.0287338
-0.029209
-0.0295571
-0.0208065
-0.0266546
-0.0168304
-0.0153355
-0.0170601
-0.00731884
-0.0125922
-0.00559898
-0.00327141
-0.00421544
0.00257652
-0.000863492
0.00224719
0.00443803
0.00448788
0.0128419
0.0112511
0.0086929
0.0128038
0.0140361
0.0164943
0.0171102
0.0197659
0.0164334
0.026192
0.0267837
0.0287754
0.0251788
0.0193137
0.0281888
0.0277387
0.0327049
0.030833
0.0291559
0.0318703
0.0283238
0.0314293
0.0283132
0.0271027
0.0282756
0.0273564
0.0283949
0.0264886
0.0279134
0.0323609
0.0248414
0.0258681
0.0268948
0.0281568
0.0253387
0.022683
0.0238187
0.0199764
0.020887
0.0193885
0.022471
0.0197182
0.0236289
0.0186157
0.0296521
0.0193741
0.0175407
0.0207798
0.0161162
0.01856
0.0126371
0.0192841
0.00511005
0.015693
0.00981706
0.00601615
0.0115161
0.00635995
0.00694404
-0.00103758
0.00184889
-0.00379962
0.00315572
-0.00103929
-0.00842552
-0.00856988
0.00131086
-0.00884564
-0.0118343
-0.0107572
-0.013852
-0.011015
-0.015478
-0.0172452
-0.0138053
-0.0159728
-0.0137177
-0.0190803
-0.0180612
-0.0168342
-0.0154308
-0.0177648
-0.0186337
-0.0162653
-0.0173189
-0.0171567
-0.020677
-0.0143515
-0.0162188
-0.0208859
-0.0136837
-0.0158095
-0.0186124
-0.0132769
-0.0151754
-0.0162353
-0.0121775
-0.0164532
-0.012471
-0.0153569
-0.00909043
-0.0138049
-0.0108028
-0.0117217
-0.0147678
-0.00985622
-0.00882538
-0.0127697
-0.00677226
-0.0116692
-0.00487671
-0.00744465
-0.00826855
-0.00739372
-0.00382832
-0.00750367
0.000364746
-0.00404614
-0.0032838
-0.00284725
0.000351983
-0.002354
0.00462644
0.0021063
0.00510819
0.00277047
0.00799179
0.00238794
0.0102155
0.00703309
0.00535707
0.0128115
0.00761112
0.0110711
0.0106486
0.0123409
0.0136428
0.00973897
0.0114736
0.0163676
0.0153288
0.0116323
0.016282
0.0159465
0.0129065
0.022887
0.0130578
0.0171621
0.0168664
0.0216218
0.0158423
0.0201046
0.0173676
0.0220326
0.0198565
0.0185236
0.0245327
0.0163173
0.023675
0.0136286
0.0217193
0.0197741
0.0198105
0.01421
0.0225138
0.0174492
0.0176202
0.0128058
0.0243484
0.0134638
0.0115696
0.0156202
0.0110739
0.0159889
0.0117464
0.0145174
0.0117941
0.0160289
0.00859615
0.0108403
0.0116602
0.00803466
0.00899153
0.0100737
0.00990748
0.00744307
0.00659345
0.0131385
0.00485118
0.00439563
0.00499274
0.0129587
0.00820237
0.00127725
0.00664959
0.00499052
0.00589839
0.00283862
0.00347983
0.00851361
0.00366702
0.00413704
0.0039373
-0.00192427
0.00730108
0.00359153
0.000673191
0.0023878
0.00638636
0.00328494
0.000497369
-0.000796846
0.000353378
0.00477613
0.00083726
-0.00279057
0.00244147
-0.00252063
0.00181775
0.00182825
-0.00165899
0.00173957
-0.000536185
0.0006955
-0.00095203
-0.00613186
0.00339366
-0.00628252
0.00124801
0.00156051
-0.00178487
-0.00138729
0.00165767
-0.00463025
0.000491519
0.00166502
0.00145107
0.000107609
0.00254032
0.00187902
-0.000841296
0.00499793
0.000831968
-0.00141784
0.00420247
0.00327616
0.00383075
0.000790729
0.00608853
0.00365323
0.00509796
0.0037296
0.00924413
0.0104511
0.0104049
0.00813153
0.00651582
0.0114435
0.00928746
0.00901597
0.0126995
0.00487208
0.00726802
0.00766491
0.0116185
0.0141447
0.0108111
0.0137677
0.0147366
0.0112768
0.0173948
0.0182767
0.0168067
0.0192422
0.013967
0.0258399
0.0218298
0.0159323
0.0263794
0.0285137
0.0289273
0.025487
0.0282479
0.0262613
0.028258
0.0270464
0.028258
0.0271894
0.0282919
0.0298254
0.0253526
0.0303275
0.0281967
0.0274424
0.0324057
0.0355758
0.0282949
0.0306478
0.0299134
0.0260158
0.0315552
0.0294608
0.0262001
0.0300653
0.026599
0.0318084
0.0282689
0.0261336
0.0297223
0.0272373
0.0269735
0.0255242
0.0310908
0.0260379
0.0243962
0.025566
0.0237318
0.0272387
0.0234363
0.0277389
0.0240952
0.0196656
0.0218755
0.0260157
0.0162448
0.0112037
0.0227773
0.0100415
0.0167327
0.0105451
0.0106386
0.00540692
0.00742185
0.00623137
0.00490458
0.00482287
0.00364014
0.00388817
-0.000900096
-0.00189184
0.00216854
-0.00513367
-0.00345007
-0.00212856
-0.00116744
-0.00410463
-0.00449469
-0.00936617
-0.00554348
-0.00201781
-0.00874234
-0.00343398
-0.00534696
-0.00747803
-0.00465099
-0.00480919
-0.00577675
-0.00901316
-0.00667204
-0.00328354
-0.00688046
-0.00671166
-0.00272197
-0.00773932
-0.00760358
-0.00645175
0.00130654
-0.00663512
-0.0040976
-0.00189197
-0.00453515
-0.00060524
-0.00282474
-0.000773509
-0.00458041
0
-0.00346818
0.00101818
-0.00279822
-0.000265414
-0.0020152
-0.0019209
0.00269295
0.00149491
-0.00270951
0.00479255
0.00109793
0
0.00311394
0.00302544
0.00686079
0.00839039
-0.000421042
0.00930414
0.00388698
0.00334215
0.0084728
0.00764828
0.00911239
0.0156457
0.00578095
0.0129134
0.0121488
0.0159896
0.0195901
0.017598
0.0189456
0.019383
0.0199476
0.0196358
0.0214535
0.0219895
0.0216887
0.0179268
0.0246516
0.0204215
0.0228361
0.0238701
0.0200271
0.0263674
0.0159447
0.0258355
0.0236433
0.0212126
0.0229711
0.0181275
0.0247134
0.0176831
0.0251975
0.0210398
0.0220957
0.0203706
0.020591
0.01966
0.0231398
0.0204089
0.0243731
0.0267985
0.0181355
0.0203555
0.0260067
0.0163696
0.0238969
0.0228455
0.0202305
0.0222515
0.0216271
0.0209744
0.0228238
0.0179319
0.0105586
0.018317
0.01781
0.0138687
0.0195474
0.00691559
0.0135646
0.0135989
0.00820605
0.0101401
time between points =  0.002sec;      number of points = 7048
surface displacement (cm)
